1 1 (0) 1 : 0.278 0.337 0.362 0.023
2 2 (1) 1 : 0.213 0.282 0.385 0.121
3 3 (1) 1 : 0.167 0.426 0.325 0.082
4 4 (1) 1 : 0.290 0.472 0.202 0.036
5 5 (2) 1 : 0.021 0.021 0.017 0.941
6 6 (1) 1 : 0.191 0.457 0.073 0.279
7 7 (1) 1 : 0.289 0.210 0.240 0.261
8 8 (0) 1 : 0.495 0.236 0.243 0.026
9 9 (1) 1 : 0.184 0.318 0.263 0.235
10 10 (1) 1 : 0.157 0.140 0.173 0.530
11 11 (0) 1 : 0.235 0.381 0.241 0.143
12 12 (0) 1 : 0.262 0.477 0.091 0.170
13 13 (1) 1 : 0.459 0.218 0.272 0.051
14 14 (1) 1 : 0.250 0.210 0.043 0.497
15 15 (2) 1 : 0.284 0.172 0.049 0.495
16 16 (1) 1 : 0.359 0.277 0.214 0.150
17 17 (1) 1 : 0.463 0.360 0.032 0.145
18 18 (2) 1 : 0.316 0.219 0.429 0.036
19 19 (1) 1 : 0.460 0.259 0.202 0.079
20 20 (1) 1 : 0.345 0.358 0.048 0.249
21 21 (1) 1 : 0.305 0.240 0.168 0.286
22 22 (1) 1 : 0.217 0.226 0.454 0.103
23 23 (1) 1 : 0.249 0.350 0.158 0.243
24 24 (1) 1 : 0.048 0.066 0.861 0.025
25 25 (1) 1 : 0.382 0.248 0.112 0.257
26 26 (1) 1 : 0.185 0.271 0.369 0.175
27 27 (1) 1 : 0.377 0.472 0.075 0.076
28 28 (1) 1 : 0.037 0.041 0.890 0.033
29 29 (1) 1 : 0.341 0.345 0.223 0.092
30 30 (1) 1 : 0.102 0.128 0.073 0.696
31 31 (1) 1 : 0.357 0.347 0.242 0.055
32 32 (1) 1 : 0.355 0.190 0.300 0.155
33 33 (1) 1 : 0.186 0.186 0.445 0.183
34 34 (1) 1 : 0.236 0.111 0.080 0.573
35 35 (0) 1 : 0.318 0.208 0.341 0.133
36 36 (1) 1 : 0.211 0.435 0.111 0.243
37 37 (1) 1 : 0.147 0.175 0.540 0.137
38 38 (1) 1 : 0.057 0.061 0.351 0.532
39 39 (1) 1 : 0.402 0.284 0.089 0.225
40 40 (0) 1 : 0.301 0.330 0.060 0.309
41 41 (1) 1 : 0.462 0.380 0.110 0.048
42 42 (1) 1 : 0.064 0.081 0.029 0.827
43 43 (1) 1 : 0.285 0.373 0.282 0.060
44 44 (7) 1 : 0.241 0.552 0.139 0.069
45 45 (2) 1 : 0.101 0.137 0.364 0.399
46 46 (1) 1 : 0.243 0.223 0.445 0.090
47 47 (0) 1 : 0.072 0.085 0.746 0.098
48 48 (1) 1 : 0.355 0.404 0.177 0.064
49 49 (0) 1 : 0.245 0.289 0.408 0.057
50 50 (1) 1 : 0.690 0.240 0.037 0.033
51 51 (2) 1 : 0.094 0.085 0.081 0.740
52 52 (1) 1 : 0.040 0.038 0.055 0.867
53 53 (2) 1 : 0.116 0.120 0.716 0.048
54 54 (1) 1 : 0.138 0.169 0.597 0.096
55 55 (3) 1 : 0.487 0.271 0.099 0.144
56 56 (1) 1 : 0.139 0.132 0.602 0.126
57 57 (0) 1 : 0.143 0.167 0.656 0.034
58 58 (1) 1 : 0.097 0.105 0.071 0.727
59 59 (0) 1 : 0.244 0.165 0.554 0.037
60 60 (2) 1 : 0.296 0.432 0.110 0.162
61 61 (1) 1 : 0.266 0.149 0.498 0.087
62 62 (1) 1 : 0.324 0.475 0.141 0.060
63 63 (0) 1 : 0.142 0.167 0.438 0.252
64 64 (3) 1 : 0.291 0.472 0.142 0.095
65 65 (1) 1 : 0.493 0.256 0.158 0.092
66 66 (4) 1 : 0.397 0.199 0.060 0.344
67 67 (0) 1 : 0.302 0.218 0.425 0.055
68 68 (2) 1 : 0.131 0.207 0.583 0.079
69 69 (2) 1 : 0.086 0.064 0.558 0.292
70 70 (1) 1 : 0.266 0.325 0.353 0.056
71 71 (0) 1 : 0.504 0.317 0.124 0.055
72 72 (5) 1 : 0.345 0.402 0.220 0.033
73 73 (1) 1 : 0.145 0.118 0.397 0.340
74 74 (1) 1 : 0.256 0.641 0.056 0.047
75 75 (1) 1 : 0.276 0.159 0.399 0.166
76 76 (1) 1 : 0.091 0.109 0.740 0.059
77 77 (1) 1 : 0.027 0.032 0.022 0.920
78 78 (1) 1 : 0.418 0.356 0.171 0.055
79 79 (2) 1 : 0.388 0.276 0.257 0.079
80 80 (2) 1 : 0.072 0.071 0.105 0.752
81 81 (2) 1 : 0.188 0.224 0.122 0.467
82 82 (1) 1 : 0.129 0.197 0.645 0.029
83 83 (0) 1 : 0.275 0.195 0.462 0.068
84 84 (1) 1 : 0.288 0.381 0.082 0.248
85 85 (6) 1 : 0.396 0.316 0.235 0.052
86 86 (1) 1 : 0.457 0.394 0.039 0.110
87 87 (2) 1 : 0.172 0.388 0.386 0.053
88 88 (0) 2 : 0.060 0.048 0.033 0.859
89 89 (1) 2 : 0.432 0.361 0.109 0.098
90 90 (1) 2 : 0.033 0.042 0.034 0.891
91 91 (2) 2 : 0.325 0.320 0.333 0.022
92 92 (1) 2 : 0.126 0.112 0.701 0.062
93 93 (1) 2 : 0.065 0.074 0.832 0.029
94 94 (1) 2 : 0.325 0.369 0.060 0.246
95 95 (0) 2 : 0.314 0.370 0.053 0.263
96 96 (2) 2 : 0.448 0.298 0.126 0.128
97 97 (1) 2 : 0.043 0.044 0.750 0.163
98 98 (0) 2 : 0.439 0.355 0.147 0.060
99 99 (0) 2 : 0.214 0.137 0.514 0.134
100 100 (1) 2 : 0.359 0.429 0.149 0.062
101 101 (1) 2 : 0.110 0.118 0.228 0.545
102 102 (1) 2 : 0.495 0.341 0.066 0.098
103 103 (2) 2 : 0.234 0.234 0.285 0.247
104 104 (1) 2 : 0.150 0.126 0.674 0.051
105 105 (1) 2 : 0.077 0.121 0.572 0.231
106 106 (1) 2 : 0.026 0.022 0.030 0.922
107 107 (2) 2 : 0.437 0.282 0.146 0.134
108 108 (0) 2 : 0.315 0.223 0.378 0.083
109 109 (1) 2 : 0.301 0.382 0.044 0.273
110 110 (1) 2 : 0.116 0.102 0.559 0.223
111 111 (1) 2 : 0.202 0.116 0.592 0.090
112 112 (2) 2 : 0.432 0.367 0.071 0.131
113 113 (1) 2 : 0.186 0.171 0.063 0.580
114 114 (3) 2 : 0.398 0.391 0.141 0.069
115 115 (2) 2 : 0.093 0.286 0.525 0.097
116 116 (0) 2 : 0.299 0.420 0.128 0.153
117 117 (1) 2 : 0.329 0.288 0.088 0.296
118 118 (1) 2 : 0.436 0.257 0.262 0.044
119 119 (3) 2 : 0.448 0.378 0.086 0.088
120 120 (1) 2 : 0.080 0.059 0.842 0.019
121 121 (0) 2 : 0.415 0.455 0.058 0.072
122 122 (1) 2 : 0.282 0.320 0.312 0.087
123 123 (1) 2 : 0.291 0.354 0.324 0.032
124 124 (0) 2 : 0.257 0.526 0.071 0.147
125 125 (1) 2 : 0.165 0.163 0.543 0.130
126 126 (1) 2 : 0.087 0.141 0.071 0.701
127 127 (1) 2 : 0.545 0.281 0.086 0.088
128 128 (1) 2 : 0.073 0.086 0.799 0.043
129 129 (1) 2 : 0.295 0.167 0.208 0.330
130 130 (1) 2 : 0.305 0.561 0.043 0.091
131 131 (1) 2 : 0.265 0.310 0.303 0.122
132 132 (1) 2 : 0.162 0.185 0.585 0.068
133 133 (1) 2 : 0.364 0.464 0.129 0.042
134 134 (1) 2 : 0.522 0.263 0.114 0.101
135 135 (1) 2 : 0.028 0.037 0.907 0.028
136 136 (3) 2 : 0.378 0.405 0.163 0.054
137 137 (1) 2 : 0.307 0.360 0.068 0.265
138 138 (1) 2 : 0.092 0.154 0.031 0.724
139 139 (2) 2 : 0.390 0.475 0.105 0.031
140 140 (3) 2 : 0.467 0.264 0.119 0.150
141 141 (0) 2 : 0.198 0.161 0.198 0.444
142 142 (1) 2 : 0.209 0.161 0.274 0.355
143 143 (0) 2 : 0.076 0.134 0.708 0.082
144 144 (1) 2 : 0.473 0.426 0.081 0.021
145 145 (1) 2 : 0.273 0.625 0.061 0.042
146 146 (2) 2 : 0.127 0.115 0.669 0.089
147 147 (1) 2 : 0.420 0.342 0.178 0.060
148 148 (1) 2 : 0.369 0.325 0.277 0.029
149 149 (2) 2 : 0.279 0.167 0.453 0.101
150 150 (2) 2 : 0.204 0.142 0.575 0.078
151 151 (1) 2 : 0.401 0.212 0.251 0.136
152 152 (0) 2 : 0.185 0.569 0.169 0.077
153 153 (1) 2 : 0.059 0.039 0.861 0.040
154 154 (2) 2 : 0.350 0.512 0.056 0.082
155 155 (1) 2 : 0.335 0.253 0.292 0.120
156 156 (1) 2 : 0.361 0.240 0.228 0.170
157 157 (0) 2 : 0.245 0.331 0.327 0.098
158 158 (2) 2 : 0.401 0.359 0.210 0.030
159 159 (1) 2 : 0.461 0.424 0.058 0.057
160 160 (0) 2 : 0.330 0.212 0.376 0.081
161 161 (1) 2 : 0.257 0.218 0.474 0.050
162 162 (1) 2 : 0.318 0.298 0.288 0.096
163 163 (1) 2 : 0.151 0.140 0.653 0.056
164 164 (1) 2 : 0.461 0.417 0.084 0.037
165 165 (0) 2 : 0.332 0.419 0.222 0.028
166 166 (0) 2 : 0.342 0.505 0.085 0.068
167 167 (2) 2 : 0.258 0.282 0.324 0.136
168 168 (0) 2 : 0.393 0.385 0.116 0.106
169 169 (1) 2 : 0.033 0.031 0.019 0.918
170 170 (1) 2 : 0.093 0.102 0.723 0.083
171 171 (1) 2 : 0.385 0.445 0.123 0.047
172 172 (0) 2 : 0.130 0.094 0.346 0.429
173 173 (1) 2 : 0.030 0.032 0.031 0.908
174 174 (0) 2 : 0.265 0.533 0.148 0.054
175 175 (1) 2 : 0.375 0.445 0.131 0.049
176 176 (1) 2 : 0.195 0.104 0.646 0.055
177 177 (1) 2 : 0.067 0.085 0.828 0.020
178 178 (0) 2 : 0.392 0.511 0.036 0.061
179 179 (1) 2 : 0.211 0.212 0.548 0.029
180 180 (1) 2 : 0.047 0.052 0.075 0.826
181 181 (1) 2 : 0.397 0.430 0.113 0.060
182 182 (1) 2 : 0.457 0.253 0.091 0.199
183 183 (1) 2 : 0.485 0.367 0.102 0.045
184 184 (1) 2 : 0.175 0.100 0.124 0.601
185 185 (2) 2 : 0.498 0.353 0.128 0.021
186 186 (1) 2 : 0.129 0.133 0.600 0.137
187 187 (0) 2 : 0.247 0.635 0.080 0.038
188 188 (1) 2 : 0.347 0.369 0.198 0.086
189 189 (0) 2 : 0.245 0.175 0.391 0.189
190 190 (0) 2 : 0.110 0.107 0.712 0.071
191 191 (2) 2 : 0.113 0.159 0.680 0.047
192 192 (1) 2 : 0.581 0.334 0.032 0.052
193 193 (1) 2 : 0.328 0.329 0.181 0.162
194 194 (0) 2 : 0.591 0.313 0.068 0.028
195 195 (1) 2 : 0.088 0.080 0.034 0.799
196 196 (1) 2 : 0.266 0.646 0.042 0.045
197 197 (1) 2 : 0.208 0.176 0.527 0.088
198 198 (1) 2 : 0.070 0.072 0.065 0.793
199 199 (0) 2 : 0.430 0.401 0.125 0.044
200 200 (0) 2 : 0.098 0.102 0.727 0.073
201 201 (1) 2 : 0.408 0.445 0.112 0.035
202 202 (0) 2 : 0.094 0.087 0.799 0.021
203 203 (0) 2 : 0.347 0.412 0.191 0.051
204 204 (1) 2 : 0.447 0.286 0.190 0.078
205 205 (1) 2 : 0.222 0.534 0.110 0.134
206 206 (1) 2 : 0.050 0.056 0.041 0.853
207 207 (1) 2 : 0.237 0.361 0.108 0.294
208 208 (1) 2 : 0.474 0.375 0.096 0.055
209 209 (0) 2 : 0.115 0.104 0.188 0.593
210 210 (1) 2 : 0.033 0.037 0.021 0.910
211 211 (0) 2 : 0.338 0.303 0.151 0.208
212 212 (1) 2 : 0.152 0.141 0.451 0.256
213 213 (1) 2 : 0.304 0.517 0.143 0.037
214 214 (1) 2 : 0.189 0.672 0.077 0.061
215 215 (1) 2 : 0.605 0.255 0.100 0.040
216 216 (1) 2 : 0.051 0.067 0.035 0.848
217 217 (1) 2 : 0.200 0.253 0.122 0.426
218 218 (1) 2 : 0.099 0.186 0.664 0.051
219 219 (1) 2 : 0.463 0.352 0.044 0.141
220 220 (1) 2 : 0.395 0.388 0.198 0.019
221 221 (0) 2 : 0.157 0.462 0.089 0.292
222 222 (1) 2 : 0.337 0.303 0.302 0.058
223 223 (0) 2 : 0.312 0.487 0.114 0.087
224 224 (1) 2 : 0.458 0.413 0.092 0.037
225 225 (1) 2 : 0.025 0.028 0.022 0.926
226 226 (0) 2 : 0.348 0.324 0.065 0.263
227 227 (1) 2 : 0.035 0.033 0.051 0.882
228 228 (1) 2 : 0.398 0.487 0.051 0.065
229 229 (2) 2 : 0.287 0.487 0.183 0.043
230 230 (1) 2 : 0.172 0.306 0.266 0.257
231 231 (1) 2 : 0.359 0.485 0.064 0.092
232 232 (2) 2 : 0.287 0.421 0.227 0.065
233 233 (1) 2 : 0.366 0.377 0.119 0.138
234 234 (1) 2 : 0.031 0.035 0.031 0.903
235 235 (0) 2 : 0.174 0.109 0.127 0.590
236 236 (1) 2 : 0.288 0.317 0.360 0.035
237 237 (1) 2 : 0.345 0.318 0.216 0.122
238 238 (0) 2 : 0.276 0.506 0.062 0.157
239 239 (1) 2 : 0.572 0.230 0.077 0.121
240 240 (1) 2 : 0.273 0.552 0.113 0.062
241 241 (0) 2 : 0.189 0.146 0.553 0.113
242 242 (1) 2 : 0.562 0.166 0.244 0.028
243 243 (1) 2 : 0.223 0.230 0.474 0.073
244 244 (1) 2 : 0.238 0.303 0.377 0.082
245 245 (0) 2 : 0.020 0.022 0.021 0.937
246 246 (1) 2 : 0.101 0.084 0.578 0.236
247 247 (0) 2 : 0.124 0.162 0.166 0.547
248 248 (1) 2 : 0.147 0.156 0.112 0.585
249 249 (1) 2 : 0.257 0.546 0.092 0.105
250 250 (0) 2 : 0.388 0.262 0.195 0.156
251 251 (1) 2 : 0.316 0.483 0.113 0.089
252 252 (0) 2 : 0.059 0.075 0.817 0.049
253 253 (0) 2 : 0.519 0.289 0.088 0.103
254 254 (1) 2 : 0.164 0.204 0.545 0.087
255 255 (1) 2 : 0.104 0.246 0.608 0.042
256 256 (1) 2 : 0.097 0.137 0.375 0.391
257 257 (0) 2 : 0.286 0.476 0.120 0.118
258 258 (1) 1 : 0.253 0.250 0.224 0.273
259 259 (2) 1 : 0.207 0.135 0.128 0.530
260 260 (1) 1 : 0.566 0.260 0.134 0.039
261 261 (0) 1 : 0.460 0.393 0.063 0.084
262 262 (1) 1 : 0.307 0.264 0.238 0.191
263 263 (0) 1 : 0.202 0.198 0.548 0.051
264 264 (1) 1 : 0.327 0.463 0.114 0.096
265 265 (1) 1 : 0.350 0.423 0.155 0.072
266 266 (1) 1 : 0.271 0.618 0.083 0.028
267 267 (1) 1 : 0.371 0.270 0.148 0.210
268 268 (2) 1 : 0.133 0.154 0.528 0.185
269 269 (1) 1 : 0.413 0.252 0.099 0.236
270 270 (1) 1 : 0.100 0.261 0.585 0.053
271 271 (1) 1 : 0.216 0.229 0.120 0.435
272 272 (0) 1 : 0.343 0.356 0.051 0.249
273 273 (0) 1 : 0.493 0.239 0.210 0.057
274 274 (1) 1 : 0.069 0.094 0.042 0.795
275 275 (1) 1 : 0.304 0.240 0.284 0.172
276 276 (1) 1 : 0.534 0.281 0.098 0.087
277 277 (1) 1 : 0.456 0.355 0.064 0.125
278 278 (1) 1 : 0.239 0.318 0.070 0.373
279 279 (0) 1 : 0.481 0.221 0.063 0.235
280 280 (1) 1 : 0.113 0.287 0.435 0.164
281 281 (1) 1 : 0.457 0.387 0.085 0.072
282 282 (1) 1 : 0.295 0.275 0.183 0.246
283 283 (1) 1 : 0.487 0.341 0.099 0.072
284 284 (0) 1 : 0.378 0.368 0.214 0.040
285 285 (1) 1 : 0.332 0.231 0.368 0.069
286 286 (1) 1 : 0.400 0.359 0.204 0.038
287 287 (1) 1 : 0.020 0.014 0.013 0.953
288 288 (1) 1 : 0.087 0.079 0.061 0.773
289 289 (1) 1 : 0.529 0.244 0.072 0.155
290 290 (1) 1 : 0.026 0.024 0.024 0.926
291 291 (1) 1 : 0.138 0.137 0.263 0.461
292 292 (1) 1 : 0.316 0.304 0.087 0.293
293 293 (1) 1 : 0.124 0.120 0.706 0.051
294 294 (1) 1 : 0.354 0.317 0.075 0.254
295 295 (0) 1 : 0.341 0.342 0.277 0.040
296 296 (0) 1 : 0.497 0.304 0.145 0.055
297 297 (1) 1 : 0.087 0.069 0.033 0.812
298 298 (0) 1 : 0.387 0.514 0.067 0.032
299 299 (1) 1 : 0.182 0.129 0.387 0.302
300 300 (1) 1 : 0.358 0.432 0.144 0.066
301 301 (0) 1 : 0.041 0.039 0.034 0.886
302 302 (1) 1 : 0.199 0.227 0.075 0.499
303 303 (1) 1 : 0.478 0.251 0.070 0.201
304 304 (1) 1 : 0.418 0.227 0.131 0.224
305 305 (1) 1 : 0.454 0.361 0.140 0.044
306 306 (1) 1 : 0.108 0.175 0.028 0.688
307 307 (2) 1 : 0.248 0.382 0.336 0.033
308 308 (0) 1 : 0.355 0.422 0.075 0.149
309 309 (2) 1 : 0.029 0.031 0.035 0.905
310 310 (0) 1 : 0.194 0.204 0.104 0.498
311 311 (0) 1 : 0.244 0.127 0.067 0.563
312 312 (0) 1 : 0.158 0.163 0.625 0.054
313 313 (1) 1 : 0.315 0.471 0.186 0.028
314 314 (0) 1 : 0.155 0.105 0.674 0.066
315 315 (1) 1 : 0.361 0.400 0.156 0.083
316 316 (1) 1 : 0.342 0.497 0.107 0.054
317 317 (1) 1 : 0.319 0.174 0.434 0.073
318 318 (1) 1 : 0.207 0.237 0.508 0.048
319 319 (1) 1 : 0.498 0.280 0.194 0.028
320 320 (0) 1 : 0.410 0.473 0.095 0.022
321 321 (1) 1 : 0.436 0.417 0.104 0.043
322 322 (0) 1 : 0.307 0.235 0.088 0.370
323 323 (1) 1 : 0.464 0.448 0.048 0.040
324 324 (1) 1 : 0.282 0.434 0.239 0.045
325 325 (1) 1 : 0.192 0.249 0.073 0.486
326 326 (1) 1 : 0.321 0.527 0.070 0.082
327 327 (1) 1 : 0.286 0.431 0.228 0.056
328 328 (1) 2 : 0.149 0.141 0.649 0.061
329 329 (0) 2 : 0.318 0.479 0.103 0.100
330 330 (0) 2 : 0.280 0.574 0.046 0.100
331 331 (1) 2 : 0.113 0.112 0.094 0.681
332 332 (1) 2 : 0.090 0.064 0.086 0.760
333 333 (1) 2 : 0.061 0.044 0.039 0.856
334 334 (1) 2 : 0.197 0.286 0.268 0.249
335 335 (0) 2 : 0.221 0.213 0.534 0.032
336 336 (1) 2 : 0.056 0.042 0.026 0.877
337 337 (1) 2 : 0.582 0.295 0.063 0.060
338 338 (1) 2 : 0.060 0.061 0.025 0.854
339 339 (1) 2 : 0.466 0.408 0.056 0.070
340 340 (0) 2 : 0.186 0.128 0.529 0.158
341 341 (1) 2 : 0.466 0.194 0.314 0.026
342 342 (2) 2 : 0.225 0.220 0.114 0.441
343 343 (2) 2 : 0.141 0.156 0.337 0.366
344 344 (3) 2 : 0.200 0.117 0.168 0.516
345 345 (2) 2 : 0.087 0.118 0.100 0.695
346 346 (4) 2 : 0.195 0.729 0.042 0.034
347 347 (3) 2 : 0.589 0.291 0.062 0.058
348 348 (1) 2 : 0.282 0.360 0.113 0.245
349 349 (1) 2 : 0.472 0.412 0.067 0.049
350 350 (1) 2 : 0.437 0.452 0.054 0.057
351 351 (0) 2 : 0.138 0.089 0.036 0.737
352 352 (4) 2 : 0.211 0.217 0.110 0.462
353 353 (2) 2 : 0.178 0.338 0.235 0.249
354 354 (1) 2 : 0.429 0.384 0.079 0.108
355 355 (2) 2 : 0.357 0.496 0.098 0.049
356 356 (1) 2 : 0.237 0.231 0.476 0.056
357 357 (2) 2 : 0.051 0.056 0.194 0.700
358 358 (2) 2 : 0.288 0.195 0.489 0.028
359 359 (3) 2 : 0.512 0.250 0.128 0.110
360 360 (0) 2 : 0.215 0.208 0.508 0.070
361 361 (1) 2 : 0.275 0.597 0.098 0.030
362 362 (1) 2 : 0.331 0.340 0.103 0.226
363 363 (2) 2 : 0.236 0.200 0.271 0.293
364 364 (3) 2 : 0.544 0.351 0.072 0.033
365 365 (4) 2 : 0.421 0.479 0.050 0.050
366 366 (4) 2 : 0.254 0.230 0.461 0.055
367 367 (3) 2 : 0.061 0.096 0.040 0.803
368 368 (3) 2 : 0.286 0.239 0.090 0.386
369 369 (2) 2 : 0.189 0.314 0.396 0.102
370 370 (3) 2 : 0.321 0.481 0.115 0.082
371 371 (1) 2 : 0.429 0.316 0.203 0.052
372 372 (3) 2 : 0.424 0.281 0.152 0.143
373 373 (5) 2 : 0.141 0.128 0.606 0.126
374 374 (5) 2 : 0.116 0.080 0.773 0.032
375 375 (3) 2 : 0.310 0.476 0.084 0.130
376 376 (3) 2 : 0.039 0.034 0.027 0.899
377 377 (4) 2 : 0.110 0.116 0.525 0.249
378 378 (0) 2 : 0.429 0.230 0.232 0.110
379 379 (5) 2 : 0.349 0.270 0.224 0.156
380 380 (4) 2 : 0.243 0.270 0.294 0.194
381 381 (1) 2 : 0.449 0.294 0.191 0.065
382 382 (1) 2 : 0.437 0.306 0.205 0.053
383 383 (3) 2 : 0.200 0.223 0.095 0.482
384 384 (2) 2 : 0.389 0.306 0.046 0.259
385 385 (4) 2 : 0.353 0.544 0.039 0.064
386 386 (2) 2 : 0.322 0.244 0.049 0.385
387 387 (1) 2 : 0.190 0.147 0.320 0.344
388 388 (6) 2 : 0.248 0.187 0.479 0.086
389 389 (1) 2 : 0.382 0.347 0.091 0.181
390 390 (1) 2 : 0.478 0.320 0.106 0.096
391 391 (3) 2 : 0.041 0.043 0.057 0.859
392 392 (2) 2 : 0.268 0.368 0.311 0.053
393 393 (4) 2 : 0.057 0.079 0.767 0.097
394 394 (3) 2 : 0.088 0.101 0.036 0.774
395 395 (7) 2 : 0.108 0.119 0.515 0.258
396 396 (4) 2 : 0.098 0.102 0.248 0.552
397 397 (1) 2 : 0.395 0.361 0.167 0.077
398 398 (3) 2 : 0.209 0.325 0.201 0.264
399 399 (2) 2 : 0.135 0.183 0.295 0.387
400 400 (0) 2 : 0.311 0.478 0.131 0.080
401 401 (6) 2 : 0.089 0.106 0.725 0.080
402 402 (5) 2 : 0.099 0.165 0.493 0.243
403 403 (1) 2 : 0.287 0.241 0.292 0.180
404 404 (2) 2 : 0.354 0.375 0.064 0.207
405 405 (3) 2 : 0.372 0.463 0.116 0.049
406 406 (2) 2 : 0.422 0.467 0.063 0.048
407 407 (2) 2 : 0.274 0.186 0.361 0.180
408 408 (2) 2 : 0.225 0.245 0.381 0.149
409 409 (1) 2 : 0.197 0.411 0.346 0.046
410 410 (1) 2 : 0.312 0.556 0.093 0.039
411 411 (1) 2 : 0.333 0.498 0.110 0.059
412 412 (0) 2 : 0.521 0.386 0.062 0.031
413 413 (1) 2 : 0.303 0.587 0.056 0.053
414 414 (2) 2 : 0.603 0.297 0.063 0.036
415 415 (2) 2 : 0.200 0.515 0.257 0.028
416 416 (3) 2 : 0.357 0.460 0.081 0.102
417 417 (1) 2 : 0.274 0.232 0.429 0.065
418 418 (0) 2 : 0.066 0.098 0.793 0.044
419 419 (1) 2 : 0.245 0.305 0.415 0.035
420 420 (0) 2 : 0.300 0.603 0.046 0.051
421 421 (1) 2 : 0.407 0.433 0.083 0.077
422 422 (6) 2 : 0.327 0.426 0.178 0.069
423 423 (2) 2 : 0.247 0.550 0.129 0.075
424 424 (1) 2 : 0.184 0.263 0.266 0.287
425 425 (1) 2 : 0.253 0.355 0.078 0.315
426 426 (3) 2 : 0.322 0.381 0.249 0.049
427 427 (2) 2 : 0.226 0.110 0.029 0.634
428 428 (6) 2 : 0.317 0.606 0.050 0.027
429 429 (1) 2 : 0.437 0.300 0.040 0.223
430 430 (1) 2 : 0.271 0.293 0.250 0.187
431 431 (0) 2 : 0.414 0.446 0.066 0.074
432 432 (2) 2 : 0.071 0.060 0.063 0.807
433 433 (2) 2 : 0.128 0.108 0.660 0.104
434 434 (2) 2 : 0.414 0.353 0.076 0.157
435 435 (8) 2 : 0.286 0.405 0.192 0.117
436 436 (2) 2 : 0.269 0.525 0.159 0.047
437 437 (4) 2 : 0.269 0.364 0.314 0.052
438 438 (1) 2 : 0.049 0.077 0.786 0.088
439 439 (2) 2 : 0.193 0.148 0.118 0.541
440 440 (0) 2 : 0.052 0.054 0.748 0.146
441 441 (1) 2 : 0.661 0.248 0.054 0.037
442 442 (6) 2 : 0.308 0.269 0.254 0.170
443 443 (1) 2 : 0.536 0.382 0.053 0.029
444 444 (6) 2 : 0.181 0.314 0.440 0.065
445 445 (2) 2 : 0.235 0.371 0.290 0.103
446 446 (3) 2 : 0.144 0.147 0.382 0.327
447 447 (2) 2 : 0.393 0.333 0.137 0.137
448 448 (3) 2 : 0.539 0.267 0.106 0.088
449 449 (1) 2 : 0.525 0.328 0.102 0.044
450 450 (4) 2 : 0.132 0.338 0.297 0.234
451 451 (3) 2 : 0.550 0.285 0.106 0.059
452 452 (1) 2 : 0.578 0.287 0.051 0.083
453 453 (1) 2 : 0.515 0.418 0.035 0.033
454 454 (4) 2 : 0.215 0.188 0.515 0.082
455 455 (4) 2 : 0.191 0.125 0.218 0.466
456 456 (5) 2 : 0.251 0.451 0.121 0.177
457 457 (3) 2 : 0.194 0.245 0.515 0.046
458 458 (1) 2 : 0.305 0.398 0.222 0.074
459 459 (1) 2 : 0.045 0.053 0.030 0.872
460 460 (2) 2 : 0.477 0.402 0.069 0.052
461 461 (1) 2 : 0.077 0.060 0.109 0.754
462 462 (1) 2 : 0.315 0.319 0.339 0.027
463 463 (4) 2 : 0.465 0.337 0.110 0.087
464 464 (6) 2 : 0.235 0.436 0.294 0.036
465 465 (3) 2 : 0.115 0.219 0.616 0.050
466 466 (3) 2 : 0.277 0.256 0.351 0.116
467 467 (2) 2 : 0.483 0.311 0.096 0.109
468 468 (2) 2 : 0.249 0.594 0.130 0.028
469 469 (1) 2 : 0.035 0.029 0.024 0.911
470 470 (0) 2 : 0.168 0.085 0.496 0.250
471 471 (2) 2 : 0.305 0.468 0.125 0.102
472 472 (2) 2 : 0.266 0.681 0.037 0.016
473 473 (1) 2 : 0.308 0.467 0.112 0.112
474 474 (3) 2 : 0.233 0.565 0.113 0.089
475 475 (1) 2 : 0.250 0.160 0.466 0.124
476 476 (2) 2 : 0.483 0.337 0.123 0.057
477 477 (0) 2 : 0.191 0.271 0.403 0.135
478 478 (1) 2 : 0.399 0.378 0.110 0.113
479 479 (1) 2 : 0.265 0.410 0.257 0.068
480 480 (1) 2 : 0.386 0.389 0.094 0.130
481 481 (1) 2 : 0.415 0.430 0.096 0.059
482 482 (1) 2 : 0.151 0.201 0.596 0.053
483 483 (0) 2 : 0.394 0.341 0.215 0.051
484 484 (0) 2 : 0.563 0.277 0.071 0.089
485 485 (0) 2 : 0.199 0.211 0.547 0.043
486 486 (0) 2 : 0.316 0.365 0.244 0.075
487 487 (1) 2 : 0.111 0.074 0.769 0.046
488 488 (1) 2 : 0.249 0.251 0.401 0.099
489 489 (1) 2 : 0.578 0.287 0.069 0.066
490 490 (0) 2 : 0.367 0.550 0.054 0.029
491 491 (0) 2 : 0.170 0.149 0.601 0.080
492 492 (5) 2 : 0.050 0.042 0.118 0.790
493 493 (1) 2 : 0.241 0.148 0.311 0.300
494 494 (3) 2 : 0.331 0.399 0.210 0.060
495 495 (1) 2 : 0.262 0.345 0.261 0.132
496 496 (1) 2 : 0.329 0.492 0.048 0.131
497 497 (1) 2 : 0.295 0.393 0.287 0.025
498 498 (1) 2 : 0.314 0.215 0.379 0.092
499 499 (1) 2 : 0.308 0.347 0.283 0.062
500 500 (1) 2 : 0.326 0.489 0.048 0.136
501 501 (2) 2 : 0.165 0.259 0.538 0.037
502 502 (1) 2 : 0.148 0.099 0.508 0.245
503 503 (2) 2 : 0.342 0.240 0.271 0.147
504 504 (2) 2 : 0.161 0.166 0.574 0.098
505 505 (2) 2 : 0.316 0.433 0.139 0.113
506 506 (3) 2 : 0.263 0.534 0.123 0.080
507 507 (1) 2 : 0.264 0.532 0.058 0.146
508 508 (7) 2 : 0.334 0.500 0.121 0.045
509 509 (1) 2 : 0.234 0.193 0.357 0.217
510 510 (1) 2 : 0.021 0.019 0.021 0.938
511 511 (2) 2 : 0.105 0.139 0.591 0.165
512 512 (1) 2 : 0.188 0.230 0.540 0.042
513 513 (3) 2 : 0.373 0.502 0.074 0.051
514 514 (1) 2 : 0.047 0.043 0.879 0.031
515 515 (5) 2 : 0.309 0.545 0.102 0.044
516 516 (3) 2 : 0.078 0.071 0.503 0.348
517 517 (1) 2 : 0.352 0.203 0.417 0.028
518 518 (1) 2 : 0.177 0.098 0.170 0.555
519 519 (0) 2 : 0.209 0.322 0.330 0.139
520 520 (0) 2 : 0.504 0.241 0.201 0.054
521 521 (2) 2 : 0.290 0.408 0.179 0.123
522 522 (2) 2 : 0.154 0.289 0.136 0.422
523 523 (1) 2 : 0.183 0.132 0.350 0.336
524 524 (3) 2 : 0.305 0.407 0.137 0.151
525 525 (1) 2 : 0.419 0.182 0.329 0.070
526 526 (7) 2 : 0.381 0.518 0.078 0.024
527 527 (4) 2 : 0.405 0.372 0.094 0.129
528 528 (1) 2 : 0.422 0.297 0.243 0.038
529 529 (2) 2 : 0.292 0.598 0.071 0.039
530 530 (1) 2 : 0.121 0.277 0.513 0.089
531 531 (2) 2 : 0.456 0.378 0.121 0.046
532 532 (2) 2 : 0.293 0.532 0.149 0.027
533 533 (5) 2 : 0.036 0.034 0.044 0.886
534 534 (2) 2 : 0.262 0.377 0.216 0.146
535 535 (3) 2 : 0.302 0.258 0.367 0.073
536 536 (0) 2 : 0.361 0.411 0.095 0.133
537 537 (3) 2 : 0.377 0.203 0.124 0.296
538 538 (1) 2 : 0.292 0.408 0.251 0.050
539 539 (1) 2 : 0.245 0.257 0.421 0.077
540 540 (1) 2 : 0.357 0.435 0.140 0.068
541 541 (5) 2 : 0.332 0.220 0.429 0.019
542 542 (4) 2 : 0.450 0.256 0.160 0.133
543 543 (2) 2 : 0.185 0.326 0.457 0.031
544 544 (2) 2 : 0.204 0.308 0.413 0.076
545 545 (2) 2 : 0.281 0.161 0.223 0.334
546 546 (1) 2 : 0.295 0.312 0.332 0.060
547 547 (1) 2 : 0.257 0.287 0.367 0.089
548 548 (1) 2 : 0.094 0.105 0.040 0.760
549 549 (1) 2 : 0.302 0.144 0.215 0.338
550 550 (2) 2 : 0.323 0.287 0.100 0.290
551 551 (4) 2 : 0.479 0.271 0.074 0.176
552 552 (6) 2 : 0.546 0.379 0.026 0.049
553 553 (3) 2 : 0.066 0.067 0.832 0.036
554 554 (1) 2 : 0.214 0.197 0.558 0.031
555 555 (4) 2 : 0.265 0.249 0.441 0.045
556 556 (2) 2 : 0.307 0.326 0.253 0.115
557 557 (0) 2 : 0.396 0.354 0.203 0.048
558 558 (2) 2 : 0.261 0.239 0.412 0.088
559 559 (3) 2 : 0.374 0.184 0.106 0.336
560 560 (6) 2 : 0.202 0.168 0.591 0.039
561 561 (1) 2 : 0.380 0.376 0.043 0.201
562 562 (2) 2 : 0.102 0.163 0.667 0.068
563 563 (2) 2 : 0.289 0.109 0.265 0.337
564 564 (1) 2 : 0.168 0.300 0.124 0.408
565 565 (1) 2 : 0.391 0.497 0.046 0.066
566 566 (1) 2 : 0.270 0.545 0.148 0.037
567 567 (1) 2 : 0.566 0.312 0.073 0.049
568 568 (1) 2 : 0.632 0.247 0.087 0.035
569 569 (3) 2 : 0.390 0.418 0.141 0.051
570 570 (1) 2 : 0.215 0.174 0.308 0.303
571 571 (2) 2 : 0.132 0.151 0.117 0.600
572 572 (5) 2 : 0.124 0.108 0.581 0.187
573 573 (5) 2 : 0.462 0.154 0.185 0.199
574 574 (1) 2 : 0.498 0.249 0.062 0.192
575 575 (2) 2 : 0.380 0.270 0.311 0.039
576 576 (0) 2 : 0.176 0.125 0.672 0.027
577 577 (1) 2 : 0.346 0.211 0.114 0.329
578 578 (1) 2 : 0.665 0.269 0.034 0.031
579 579 (2) 2 : 0.297 0.172 0.434 0.097
580 580 (1) 2 : 0.304 0.252 0.415 0.028
581 581 (1) 2 : 0.162 0.118 0.575 0.144
582 582 (0) 2 : 0.250 0.585 0.060 0.104
583 583 (1) 2 : 0.401 0.208 0.305 0.085
584 584 (2) 2 : 0.268 0.134 0.246 0.352
585 585 (1) 2 : 0.409 0.281 0.039 0.271
586 586 (0) 2 : 0.154 0.123 0.112 0.610
587 587 (1) 2 : 0.313 0.400 0.243 0.045
588 588 (0) 2 : 0.268 0.128 0.127 0.477
589 589 (2) 2 : 0.062 0.067 0.828 0.042
590 590 (2) 2 : 0.191 0.375 0.253 0.181
591 591 (1) 2 : 0.209 0.180 0.168 0.443
592 592 (1) 2 : 0.344 0.318 0.279 0.058
593 593 (1) 2 : 0.234 0.403 0.056 0.306
594 594 (3) 2 : 0.318 0.476 0.153 0.054
595 595 (1) 2 : 0.467 0.281 0.137 0.115
596 596 (1) 2 : 0.281 0.522 0.094 0.104
597 597 (1) 2 : 0.326 0.503 0.067 0.104
598 598 (1) 2 : 0.169 0.127 0.085 0.620
599 599 (1) 2 : 0.295 0.178 0.425 0.102
600 600 (2) 2 : 0.201 0.194 0.548 0.057
601 601 (7) 2 : 0.133 0.084 0.765 0.017
602 602 (3) 2 : 0.279 0.561 0.063 0.097
603 603 (1) 2 : 0.276 0.269 0.391 0.064
604 604 (1) 2 : 0.408 0.272 0.256 0.064
605 605 (1) 2 : 0.184 0.203 0.568 0.045
606 606 (1) 2 : 0.285 0.184 0.064 0.466
607 607 (1) 2 : 0.302 0.432 0.192 0.074
608 608 (1) 2 : 0.244 0.304 0.390 0.063
609 609 (1) 2 : 0.068 0.048 0.820 0.064
610 610 (1) 2 : 0.171 0.244 0.357 0.228
611 611 (1) 2 : 0.263 0.400 0.270 0.067
612 612 (1) 2 : 0.455 0.294 0.106 0.146
613 613 (2) 2 : 0.101 0.117 0.173 0.609
614 614 (1) 2 : 0.069 0.065 0.568 0.297
615 615 (1) 2 : 0.334 0.526 0.086 0.054
616 616 (1) 2 : 0.283 0.609 0.064 0.044
617 617 (1) 2 : 0.233 0.347 0.382 0.038
618 618 (0) 2 : 0.400 0.376 0.049 0.176
619 619 (1) 2 : 0.510 0.295 0.064 0.131
620 620 (1) 2 : 0.204 0.317 0.156 0.323
621 621 (1) 2 : 0.179 0.231 0.374 0.216
622 622 (1) 2 : 0.288 0.385 0.306 0.020
623 623 (1) 2 : 0.377 0.226 0.077 0.321
624 624 (0) 2 : 0.468 0.222 0.204 0.106
625 625 (0) 2 : 0.560 0.354 0.036 0.050
626 626 (1) 2 : 0.263 0.586 0.124 0.027
627 627 (1) 2 : 0.450 0.424 0.086 0.040
628 628 (1) 2 : 0.208 0.172 0.064 0.556
629 629 (1) 2 : 0.040 0.053 0.022 0.885
630 630 (2) 2 : 0.574 0.284 0.043 0.100
631 631 (5) 2 : 0.149 0.087 0.431 0.333
632 632 (2) 2 : 0.321 0.451 0.144 0.083
633 633 (1) 2 : 0.340 0.276 0.041 0.342
634 634 (4) 2 : 0.370 0.238 0.364 0.028
635 635 (1) 2 : 0.646 0.305 0.027 0.022
636 636 (0) 2 : 0.482 0.313 0.128 0.077
637 637 (1) 2 : 0.067 0.054 0.837 0.042
638 638 (0) 2 : 0.492 0.303 0.046 0.159
639 639 (0) 2 : 0.276 0.151 0.494 0.079
640 640 (1) 2 : 0.236 0.519 0.104 0.141
641 641 (1) 2 : 0.339 0.323 0.210 0.128
642 642 (1) 2 : 0.247 0.227 0.149 0.376
643 643 (1) 2 : 0.560 0.379 0.040 0.021
644 644 (1) 2 : 0.446 0.461 0.053 0.039
645 645 (0) 2 : 0.306 0.333 0.096 0.265
646 646 (1) 3 : 0.255 0.470 0.194 0.081
647 647 (1) 2 : 0.501 0.271 0.111 0.117
648 648 (0) 3 : 0.352 0.483 0.140 0.025
649 649 (1) 3 : 0.629 0.321 0.029 0.022
650 650 (1) 3 : 0.574 0.292 0.040 0.093
651 651 (1) 2 : 0.441 0.281 0.222 0.056
652 652 (0) 3 : 0.511 0.323 0.112 0.054
653 653 (2) 4 : 0.275 0.157 0.522 0.046
654 654 (0) 2 : 0.594 0.283 0.089 0.033
655 655 (1) 4 : 0.137 0.180 0.494 0.189
656 656 (1) 4 : 0.080 0.093 0.771 0.056
657 657 (1) 4 : 0.029 0.041 0.909 0.021
658 658 (0) 4 : 0.030 0.033 0.886 0.051
659 659 (0) 4 : 0.051 0.044 0.878 0.027
660 660 (3) 3 : 0.216 0.599 0.033 0.153
661 661 (1) 2 : 0.354 0.335 0.215 0.096
662 662 (1) 3 : 0.502 0.334 0.097 0.067
663 663 (1) 3 : 0.671 0.228 0.055 0.046
664 664 (1) 3 : 0.232 0.562 0.119 0.086
665 665 (1) 3 : 0.427 0.411 0.038 0.123
666 666 (0) 2 : 0.107 0.112 0.134 0.647
667 667 (1) 3 : 0.672 0.232 0.048 0.049
668 668 (1) 4 : 0.195 0.184 0.284 0.337
669 669 (0) 4 : 0.041 0.040 0.877 0.042
670 670 (1) 4 : 0.107 0.091 0.780 0.022
671 671 (1) 4 : 0.173 0.116 0.653 0.058
672 672 (1) 4 : 0.096 0.088 0.775 0.042
673 673 (0) 4 : 0.207 0.198 0.544 0.051
674 674 (2) 3 : 0.484 0.357 0.117 0.042
675 675 (5) 3 : 0.272 0.547 0.105 0.076
676 676 (0) 3 : 0.468 0.277 0.230 0.025
677 677 (3) 3 : 0.302 0.400 0.071 0.227
678 678 (0) 3 : 0.362 0.463 0.106 0.069
679 679 (2) 2 : 0.239 0.316 0.155 0.290
680 680 (0) 3 : 0.322 0.351 0.133 0.194
681 681 (2) 4 : 0.132 0.065 0.660 0.143
682 682 (0) 2 : 0.121 0.170 0.554 0.155
683 683 (2) 4 : 0.232 0.214 0.506 0.047
684 684 (1) 4 : 0.040 0.034 0.801 0.126
685 685 (1) 4 : 0.045 0.042 0.870 0.043
686 686 (0) 4 : 0.031 0.038 0.900 0.031
687 687 (1) 3 : 0.265 0.575 0.090 0.071
688 688 (2) 3 : 0.639 0.266 0.064 0.031
689 689 (1) 3 : 0.293 0.526 0.112 0.069
690 690 (1) 3 : 0.300 0.574 0.059 0.067
691 691 (1) 2 : 0.128 0.110 0.660 0.101
692 692 (0) 3 : 0.523 0.317 0.094 0.067
693 693 (0) 2 : 0.212 0.573 0.130 0.085
694 694 (1) 4 : 0.401 0.222 0.325 0.052
695 695 (0) 4 : 0.069 0.085 0.830 0.016
696 696 (1) 4 : 0.076 0.137 0.604 0.184
697 697 (0) 4 : 0.033 0.045 0.869 0.053
698 698 (1) 4 : 0.064 0.075 0.806 0.055
699 699 (6) 3 : 0.276 0.485 0.147 0.092
700 700 (1) 2 : 0.302 0.228 0.116 0.353
701 701 (3) 3 : 0.444 0.349 0.152 0.054
702 702 (1) 3 : 0.366 0.498 0.097 0.039
703 703 (3) 3 : 0.493 0.327 0.057 0.123
704 704 (1) 3 : 0.585 0.320 0.042 0.052
705 705 (1) 2 : 0.467 0.334 0.051 0.149
706 706 (0) 3 : 0.522 0.368 0.058 0.052
707 707 (1) 2 : 0.065 0.076 0.030 0.830
708 708 (2) 4 : 0.046 0.036 0.900 0.018
709 709 (1) 2 : 0.042 0.045 0.092 0.821
710 710 (1) 4 : 0.191 0.155 0.605 0.049
711 711 (2) 4 : 0.102 0.089 0.750 0.060
712 712 (1) 4 : 0.067 0.081 0.764 0.088
713 713 (0) 4 : 0.039 0.037 0.897 0.027
714 714 (1) 3 : 0.188 0.228 0.478 0.107
715 715 (1) 2 : 0.520 0.227 0.215 0.038
716 716 (3) 3 : 0.329 0.581 0.049 0.041
717 717 (0) 3 : 0.363 0.383 0.162 0.092
718 718 (4) 3 : 0.586 0.317 0.055 0.042
719 719 (1) 3 : 0.314 0.401 0.180 0.106
720 720 (1) 2 : 0.313 0.364 0.160 0.163
721 721 (1) 2 : 0.296 0.355 0.226 0.123
722 722 (1) 4 : 0.098 0.125 0.682 0.096
723 723 (0) 4 : 0.043 0.038 0.857 0.062
724 724 (0) 4 : 0.055 0.043 0.889 0.012
725 725 (2) 4 : 0.048 0.052 0.873 0.028
726 726 (1) 4 : 0.039 0.034 0.904 0.024
727 727 (2) 2 : 0.715 0.167 0.082 0.035
728 728 (3) 3 : 0.255 0.652 0.049 0.044
729 729 (1) 3 : 0.439 0.327 0.137 0.097
730 730 (2) 3 : 0.201 0.365 0.347 0.087
731 731 (1) 3 : 0.498 0.340 0.070 0.093
732 732 (1) 4 : 0.128 0.106 0.574 0.192
733 733 (1) 4 : 0.069 0.053 0.837 0.041
734 734 (1) 4 : 0.042 0.061 0.873 0.024
735 735 (2) 4 : 0.086 0.046 0.825 0.042
736 736 (1) 4 : 0.041 0.035 0.910 0.015
737 737 (0) 2 : 0.088 0.125 0.252 0.535
738 738 (0) 3 : 0.388 0.515 0.057 0.039
739 739 (1) 3 : 0.359 0.335 0.260 0.046
740 740 (1) 3 : 0.390 0.387 0.141 0.081
741 741 (1) 2 : 0.258 0.258 0.291 0.193
742 742 (1) 2 : 0.397 0.416 0.144 0.043
743 743 (0) 4 : 0.150 0.163 0.642 0.045
744 744 (0) 4 : 0.038 0.056 0.858 0.048
745 745 (0) 4 : 0.034 0.034 0.917 0.015
746 746 (0) 4 : 0.263 0.125 0.589 0.023
747 747 (1) 4 : 0.052 0.045 0.878 0.026
748 748 (1) 2 : 0.152 0.113 0.112 0.623
749 749 (1) 2 : 0.249 0.180 0.083 0.487
750 750 (0) 2 : 0.112 0.082 0.730 0.076
751 751 (1) 2 : 0.030 0.039 0.057 0.874
752 752 (1) 2 : 0.119 0.118 0.716 0.047
753 753 (1) 2 : 0.519 0.316 0.058 0.107
754 754 (0) 2 : 0.167 0.213 0.506 0.114
755 755 (1) 2 : 0.352 0.452 0.057 0.139
756 756 (0) 2 : 0.040 0.036 0.041 0.884
757 757 (1) 2 : 0.055 0.055 0.165 0.725
758 758 (2) 2 : 0.069 0.067 0.031 0.833
759 759 (0) 2 : 0.449 0.405 0.065 0.080
760 760 (1) 2 : 0.404 0.356 0.158 0.083
761 761 (2) 2 : 0.316 0.354 0.280 0.050
762 762 (0) 2 : 0.440 0.389 0.066 0.106
763 763 (1) 2 : 0.149 0.139 0.206 0.506
764 764 (1) 2 : 0.169 0.164 0.250 0.418
765 765 (1) 2 : 0.272 0.293 0.275 0.160
766 766 (3) 2 : 0.127 0.085 0.276 0.512
767 767 (1) 2 : 0.524 0.321 0.109 0.045
768 768 (1) 2 : 0.036 0.030 0.029 0.905
769 769 (1) 2 : 0.529 0.388 0.039 0.043
770 770 (1) 2 : 0.769 0.161 0.020 0.050
771 771 (0) 2 : 0.273 0.465 0.116 0.146
772 772 (0) 2 : 0.370 0.405 0.130 0.096
773 773 (1) 2 : 0.172 0.096 0.616 0.115
774 774 (1) 2 : 0.351 0.311 0.133 0.205
775 775 (1) 2 : 0.231 0.416 0.102 0.251
776 776 (0) 2 : 0.361 0.527 0.089 0.022
777 777 (1) 2 : 0.186 0.164 0.609 0.040
778 778 (1) 2 : 0.349 0.293 0.303 0.055
779 779 (6) 2 : 0.037 0.041 0.028 0.894
780 780 (2) 2 : 0.244 0.584 0.127 0.044
781 781 (1) 2 : 0.429 0.247 0.195 0.129
782 782 (1) 2 : 0.116 0.080 0.772 0.032
783 783 (1) 2 : 0.484 0.297 0.073 0.145
784 784 (1) 2 : 0.203 0.254 0.117 0.426
785 785 (1) 2 : 0.099 0.155 0.231 0.516
786 786 (2) 2 : 0.541 0.374 0.047 0.038
787 787 (0) 2 : 0.293 0.553 0.035 0.119
788 788 (1) 2 : 0.447 0.344 0.178 0.031
789 789 (1) 2 : 0.191 0.140 0.611 0.058
790 790 (1) 2 : 0.274 0.227 0.043 0.456
791 791 (1) 2 : 0.025 0.030 0.021 0.923
792 792 (2) 2 : 0.546 0.324 0.101 0.030
793 793 (1) 2 : 0.071 0.078 0.812 0.039
794 794 (0) 2 : 0.064 0.051 0.836 0.049
795 795 (1) 2 : 0.052 0.048 0.058 0.841
796 796 (0) 2 : 0.473 0.234 0.208 0.084
797 797 (0) 2 : 0.251 0.435 0.143 0.171
798 798 (0) 2 : 0.099 0.092 0.690 0.120
799 799 (1) 2 : 0.077 0.106 0.203 0.614
800 800 (1) 2 : 0.137 0.281 0.040 0.542
801 801 (1) 2 : 0.064 0.064 0.042 0.830
802 802 (1) 2 : 0.125 0.239 0.582 0.053
803 803 (2) 2 : 0.062 0.068 0.833 0.037
804 804 (1) 2 : 0.292 0.551 0.121 0.036
805 805 (1) 2 : 0.477 0.397 0.041 0.085
806 806 (0) 2 : 0.458 0.412 0.063 0.067
807 807 (1) 2 : 0.287 0.201 0.113 0.399
808 808 (1) 2 : 0.066 0.061 0.041 0.831
809 809 (2) 2 : 0.385 0.258 0.034 0.322
810 810 (1) 2 : 0.042 0.042 0.047 0.868
811 811 (1) 2 : 0.033 0.035 0.033 0.899
812 812 (0) 2 : 0.454 0.298 0.137 0.111
813 813 (1) 2 : 0.045 0.064 0.082 0.809
814 814 (1) 2 : 0.027 0.028 0.057 0.889
815 815 (0) 2 : 0.334 0.342 0.246 0.078
816 816 (0) 2 : 0.062 0.076 0.645 0.218
817 817 (1) 2 : 0.277 0.505 0.079 0.139
818 818 (2) 2 : 0.042 0.044 0.071 0.843
819 819 (1) 2 : 0.044 0.037 0.594 0.325
820 820 (0) 2 : 0.270 0.450 0.076 0.204
821 821 (1) 2 : 0.035 0.033 0.027 0.905
822 822 (2) 2 : 0.339 0.396 0.064 0.201
823 823 (1) 2 : 0.176 0.184 0.064 0.576
824 824 (1) 2 : 0.064 0.080 0.076 0.781
825 825 (1) 2 : 0.393 0.496 0.094 0.017
826 826 (1) 2 : 0.071 0.071 0.032 0.825
827 827 (0) 2 : 0.252 0.242 0.352 0.154
828 828 (1) 2 : 0.362 0.399 0.197 0.042
829 829 (1) 2 : 0.120 0.174 0.177 0.529
830 830 (1) 2 : 0.494 0.394 0.067 0.046
831 831 (1) 2 : 0.039 0.033 0.118 0.810
832 832 (1) 2 : 0.281 0.463 0.197 0.060
833 833 (1) 2 : 0.488 0.349 0.136 0.028
834 834 (0) 2 : 0.457 0.321 0.147 0.075
835 835 (1) 2 : 0.130 0.189 0.257 0.423
836 836 (0) 2 : 0.079 0.085 0.170 0.666
837 837 (1) 2 : 0.334 0.249 0.161 0.257
838 838 (1) 2 : 0.049 0.050 0.850 0.051
839 839 (1) 2 : 0.430 0.365 0.163 0.042
840 840 (0) 2 : 0.463 0.319 0.083 0.135
841 841 (5) 2 : 0.131 0.150 0.141 0.578
842 842 (1) 2 : 0.045 0.045 0.026 0.884
843 843 (2) 2 : 0.034 0.035 0.028 0.903
844 844 (1) 2 : 0.155 0.210 0.141 0.494
845 845 (1) 2 : 0.410 0.328 0.157 0.105
846 846 (0) 2 : 0.432 0.193 0.263 0.112
847 847 (0) 2 : 0.240 0.612 0.106 0.042
848 848 (1) 2 : 0.034 0.037 0.022 0.907
849 849 (1) 2 : 0.239 0.185 0.525 0.052
850 850 (1) 2 : 0.437 0.337 0.149 0.077
851 851 (1) 2 : 0.408 0.322 0.172 0.097
852 852 (1) 2 : 0.128 0.152 0.273 0.447
853 853 (1) 2 : 0.105 0.076 0.213 0.606
854 854 (0) 2 : 0.097 0.127 0.215 0.561
855 855 (1) 2 : 0.529 0.314 0.086 0.071
856 856 (5) 2 : 0.329 0.367 0.153 0.151
857 857 (1) 2 : 0.309 0.579 0.069 0.043
858 858 (0) 2 : 0.189 0.139 0.588 0.083
859 859 (0) 2 : 0.071 0.089 0.060 0.780
860 860 (1) 2 : 0.032 0.034 0.022 0.912
861 861 (1) 2 : 0.044 0.040 0.047 0.869
862 862 (1) 2 : 0.126 0.118 0.644 0.112
863 863 (0) 2 : 0.041 0.039 0.047 0.872
864 864 (4) 2 : 0.096 0.076 0.086 0.742
865 865 (1) 2 : 0.037 0.044 0.868 0.052
866 866 (1) 2 : 0.484 0.266 0.039 0.211
867 867 (1) 2 : 0.199 0.140 0.608 0.053
868 868 (0) 2 : 0.432 0.376 0.133 0.059
869 869 (1) 2 : 0.208 0.160 0.566 0.066
870 870 (1) 2 : 0.062 0.060 0.074 0.803
871 871 (1) 2 : 0.042 0.047 0.801 0.110
872 872 (1) 2 : 0.129 0.193 0.535 0.143
873 873 (1) 2 : 0.036 0.046 0.032 0.886
874 874 (1) 2 : 0.519 0.342 0.067 0.072
875 875 (1) 2 : 0.173 0.132 0.536 0.160
876 876 (1) 2 : 0.111 0.159 0.619 0.110
877 877 (1) 2 : 0.191 0.298 0.060 0.450
878 878 (0) 2 : 0.245 0.380 0.138 0.236
879 879 (2) 2 : 0.023 0.025 0.021 0.931
880 880 (1) 2 : 0.232 0.180 0.295 0.293
881 881 (2) 2 : 0.086 0.078 0.061 0.775
882 882 (1) 2 : 0.265 0.460 0.192 0.084
1 1 (0) 1 : 0.199 0.358 0.026 0.416
2 2 (1) 1 : 0.216 0.309 0.128 0.348
3 3 (1) 1 : 0.250 0.385 0.093 0.273
4 4 (1) 1 : 0.253 0.519 0.038 0.190
5 5 (2) 1 : 0.027 0.022 0.934 0.018
6 6 (1) 1 : 0.167 0.450 0.292 0.091
7 7 (1) 1 : 0.330 0.215 0.262 0.193
8 8 (0) 1 : 0.526 0.199 0.028 0.247
9 9 (1) 1 : 0.156 0.351 0.249 0.244
10 10 (1) 1 : 0.203 0.107 0.542 0.148
11 11 (0) 1 : 0.193 0.431 0.159 0.218
12 12 (0) 1 : 0.275 0.481 0.153 0.091
13 13 (1) 1 : 0.505 0.181 0.049 0.266
14 14 (1) 1 : 0.238 0.216 0.508 0.038
15 15 (2) 1 : 0.276 0.193 0.475 0.056
16 16 (1) 1 : 0.394 0.236 0.156 0.214
17 17 (1) 1 : 0.446 0.380 0.138 0.036
18 18 (2) 1 : 0.389 0.187 0.040 0.384
19 19 (1) 1 : 0.477 0.220 0.089 0.214
20 20 (1) 1 : 0.387 0.319 0.253 0.041
21 21 (1) 1 : 0.389 0.200 0.265 0.146
22 22 (1) 1 : 0.209 0.202 0.100 0.489
23 23 (1) 1 : 0.222 0.390 0.237 0.151
24 24 (1) 1 : 0.072 0.074 0.029 0.825
25 25 (1) 1 : 0.371 0.227 0.278 0.125
26 26 (1) 1 : 0.189 0.255 0.160 0.396
27 27 (1) 1 : 0.394 0.449 0.079 0.078
28 28 (1) 1 : 0.043 0.044 0.038 0.875
29 29 (1) 1 : 0.349 0.334 0.084 0.233
30 30 (1) 1 : 0.101 0.112 0.693 0.094
31 31 (1) 1 : 0.368 0.316 0.060 0.255
32 32 (1) 1 : 0.376 0.190 0.159 0.275
33 33 (1) 1 : 0.184 0.224 0.172 0.420
34 34 (1) 1 : 0.215 0.114 0.603 0.068
35 35 (0) 1 : 0.343 0.162 0.137 0.358
36 36 (1) 1 : 0.234 0.404 0.251 0.111
37 37 (1) 1 : 0.135 0.177 0.157 0.531
38 38 (1) 1 : 0.066 0.052 0.520 0.362
39 39 (1) 1 : 0.469 0.220 0.218 0.093
40 40 (0) 1 : 0.261 0.352 0.327 0.060
41 41 (1) 1 : 0.382 0.409 0.053 0.156
42 42 (1) 1 : 0.078 0.083 0.806 0.032
43 43 (1) 1 : 0.341 0.338 0.069 0.252
44 44 (7) 1 : 0.239 0.540 0.065 0.156
45 45 (2) 1 : 0.118 0.167 0.368 0.347
46 46 (1) 1 : 0.224 0.248 0.084 0.444
47 47 (0) 1 : 0.073 0.100 0.092 0.735
48 48 (1) 1 : 0.399 0.324 0.068 0.209
49 49 (0) 1 : 0.212 0.311 0.058 0.419
50 50 (1) 1 : 0.619 0.294 0.041 0.047
51 51 (2) 1 : 0.084 0.107 0.735 0.075
52 52 (1) 1 : 0.039 0.042 0.870 0.049
53 53 (2) 1 : 0.105 0.119 0.047 0.729
54 54 (1) 1 : 0.157 0.151 0.100 0.591
55 55 (3) 1 : 0.476 0.261 0.155 0.108
56 56 (1) 1 : 0.138 0.166 0.120 0.576
57 57 (0) 1 : 0.142 0.136 0.039 0.683
58 58 (1) 1 : 0.080 0.102 0.750 0.067
59 59 (0) 1 : 0.217 0.151 0.043 0.590
60 60 (2) 1 : 0.290 0.408 0.174 0.128
61 61 (1) 1 : 0.181 0.179 0.095 0.545
62 62 (1) 1 : 0.329 0.454 0.071 0.146
63 63 (0) 1 : 0.109 0.162 0.278 0.451
64 64 (3) 1 : 0.330 0.413 0.097 0.161
65 65 (1) 1 : 0.443 0.273 0.096 0.188
66 66 (4) 1 : 0.366 0.213 0.362 0.060
67 67 (0) 1 : 0.271 0.213 0.053 0.462
68 68 (2) 1 : 0.158 0.184 0.074 0.584
69 69 (2) 1 : 0.108 0.079 0.274 0.540
70 70 (1) 1 : 0.331 0.281 0.055 0.333
71 71 (0) 1 : 0.511 0.285 0.055 0.149
72 72 (5) 1 : 0.368 0.413 0.039 0.180
73 73 (1) 1 : 0.134 0.103 0.348 0.415
74 74 (1) 1 : 0.217 0.679 0.050 0.054
75 75 (1) 1 : 0.309 0.156 0.155 0.381
76 76 (1) 1 : 0.086 0.116 0.063 0.734
77 77 (1) 1 : 0.030 0.029 0.917 0.024
78 78 (1) 1 : 0.433 0.324 0.066 0.176
79 79 (2) 1 : 0.407 0.199 0.088 0.305
80 80 (2) 1 : 0.067 0.085 0.751 0.098
81 81 (2) 1 : 0.154 0.207 0.497 0.143
82 82 (1) 1 : 0.132 0.193 0.028 0.648
83 83 (0) 1 : 0.303 0.180 0.067 0.450
84 84 (1) 1 : 0.273 0.381 0.250 0.096
85 85 (6) 1 : 0.401 0.316 0.050 0.234
86 86 (1) 1 : 0.355 0.496 0.106 0.043
87 87 (2) 1 : 0.190 0.350 0.054 0.405
88 88 (0) 2 : 0.057 0.046 0.866 0.031
89 89 (1) 2 : 0.435 0.350 0.104 0.111
90 90 (1) 2 : 0.036 0.042 0.891 0.031
91 91 (2) 2 : 0.251 0.322 0.021 0.405
92 92 (1) 2 : 0.144 0.124 0.075 0.657
93 93 (1) 2 : 0.071 0.079 0.025 0.825
94 94 (1) 2 : 0.355 0.325 0.263 0.057
95 95 (0) 2 : 0.342 0.326 0.274 0.058
96 96 (2) 2 : 0.449 0.288 0.131 0.132
97 97 (1) 2 : 0.044 0.049 0.145 0.762
98 98 (0) 2 : 0.341 0.425 0.066 0.167
99 99 (0) 2 : 0.165 0.125 0.152 0.558
100 100 (1) 2 : 0.428 0.361 0.060 0.151
101 101 (1) 2 : 0.128 0.106 0.563 0.203
102 102 (1) 2 : 0.500 0.341 0.100 0.059
103 103 (2) 2 : 0.225 0.243 0.263 0.270
104 104 (1) 2 : 0.178 0.142 0.057 0.624
105 105 (1) 2 : 0.065 0.123 0.252 0.560
106 106 (1) 2 : 0.023 0.024 0.899 0.054
107 107 (2) 2 : 0.389 0.308 0.146 0.158
108 108 (0) 2 : 0.244 0.271 0.090 0.395
109 109 (1) 2 : 0.266 0.391 0.296 0.046
110 110 (1) 2 : 0.125 0.099 0.249 0.528
111 111 (1) 2 : 0.183 0.149 0.102 0.565
112 112 (2) 2 : 0.370 0.408 0.150 0.071
113 113 (1) 2 : 0.164 0.170 0.590 0.075
114 114 (3) 2 : 0.532 0.234 0.071 0.163
115 115 (2) 2 : 0.144 0.300 0.076 0.481
116 116 (0) 2 : 0.443 0.291 0.149 0.117
117 117 (1) 2 : 0.281 0.333 0.290 0.097
118 118 (1) 2 : 0.386 0.263 0.048 0.302
119 119 (3) 2 : 0.468 0.356 0.092 0.084
120 120 (1) 2 : 0.069 0.076 0.024 0.832
121 121 (0) 2 : 0.414 0.456 0.064 0.066
122 122 (1) 2 : 0.378 0.264 0.089 0.269
123 123 (1) 2 : 0.412 0.268 0.031 0.289
124 124 (0) 2 : 0.259 0.521 0.155 0.064
125 125 (1) 2 : 0.138 0.132 0.135 0.595
126 126 (1) 2 : 0.113 0.143 0.676 0.068
127 127 (1) 2 : 0.526 0.289 0.088 0.097
128 128 (1) 2 : 0.082 0.072 0.050 0.796
129 129 (1) 2 : 0.300 0.160 0.342 0.198
130 130 (1) 2 : 0.302 0.572 0.080 0.046
131 131 (1) 2 : 0.293 0.302 0.128 0.277
132 132 (1) 2 : 0.164 0.173 0.071 0.591
133 133 (1) 2 : 0.369 0.465 0.046 0.120
134 134 (1) 2 : 0.417 0.342 0.112 0.130
135 135 (1) 2 : 0.034 0.034 0.027 0.905
136 136 (3) 2 : 0.482 0.317 0.053 0.148
137 137 (1) 2 : 0.269 0.372 0.288 0.071
138 138 (1) 2 : 0.122 0.142 0.699 0.037
139 139 (2) 2 : 0.476 0.366 0.040 0.118
140 140 (3) 2 : 0.503 0.249 0.151 0.098
141 141 (0) 2 : 0.242 0.139 0.437 0.183
142 142 (1) 2 : 0.209 0.153 0.380 0.258
143 143 (0) 2 : 0.091 0.118 0.096 0.695
144 144 (1) 2 : 0.495 0.384 0.024 0.097
145 145 (1) 2 : 0.284 0.607 0.041 0.068
146 146 (2) 2 : 0.147 0.124 0.091 0.639
147 147 (1) 2 : 0.407 0.347 0.074 0.171
148 148 (1) 2 : 0.315 0.389 0.029 0.266
149 149 (2) 2 : 0.237 0.215 0.110 0.439
150 150 (2) 2 : 0.191 0.138 0.085 0.586
151 151 (1) 2 : 0.460 0.184 0.139 0.217
152 152 (0) 2 : 0.217 0.538 0.089 0.156
153 153 (1) 2 : 0.051 0.042 0.046 0.861
154 154 (2) 2 : 0.330 0.505 0.089 0.075
155 155 (1) 2 : 0.265 0.317 0.133 0.286
156 156 (1) 2 : 0.388 0.247 0.154 0.211
157 157 (0) 2 : 0.229 0.375 0.097 0.299
158 158 (2) 2 : 0.400 0.321 0.032 0.247
159 159 (1) 2 : 0.422 0.464 0.061 0.052
160 160 (0) 2 : 0.362 0.226 0.082 0.330
161 161 (1) 2 : 0.261 0.169 0.061 0.509
162 162 (1) 2 : 0.318 0.273 0.105 0.305
163 163 (1) 2 : 0.138 0.151 0.061 0.650
164 164 (1) 2 : 0.420 0.442 0.037 0.101
165 165 (0) 2 : 0.292 0.396 0.033 0.279
166 166 (0) 2 : 0.273 0.568 0.077 0.083
167 167 (2) 2 : 0.247 0.234 0.143 0.376
168 168 (0) 2 : 0.435 0.346 0.093 0.125
169 169 (1) 2 : 0.030 0.032 0.919 0.020
170 170 (1) 2 : 0.084 0.113 0.074 0.729
171 171 (1) 2 : 0.407 0.414 0.050 0.130
172 172 (0) 2 : 0.135 0.077 0.446 0.342
173 173 (1) 2 : 0.031 0.030 0.906 0.033
174 174 (0) 2 : 0.265 0.547 0.050 0.138
175 175 (1) 2 : 0.373 0.461 0.047 0.119
176 176 (1) 2 : 0.184 0.106 0.063 0.646
177 177 (1) 2 : 0.065 0.091 0.021 0.824
178 178 (0) 2 : 0.380 0.528 0.056 0.036
179 179 (1) 2 : 0.232 0.179 0.035 0.555
180 180 (1) 2 : 0.053 0.046 0.821 0.080
181 181 (1) 2 : 0.383 0.440 0.062 0.114
182 182 (1) 2 : 0.461 0.222 0.229 0.089
183 183 (1) 2 : 0.438 0.372 0.058 0.132
184 184 (1) 2 : 0.142 0.140 0.570 0.148
185 185 (2) 2 : 0.500 0.356 0.020 0.125
186 186 (1) 2 : 0.127 0.136 0.139 0.598
187 187 (0) 2 : 0.216 0.672 0.040 0.071
188 188 (1) 2 : 0.331 0.380 0.096 0.194
189 189 (0) 2 : 0.225 0.161 0.210 0.404
190 190 (0) 2 : 0.107 0.114 0.069 0.710
191 191 (2) 2 : 0.093 0.191 0.057 0.659
192 192 (1) 2 : 0.549 0.355 0.054 0.042
193 193 (1) 2 : 0.347 0.314 0.165 0.175
194 194 (0) 2 : 0.579 0.331 0.026 0.065
195 195 (1) 2 : 0.078 0.077 0.811 0.034
196 196 (1) 2 : 0.273 0.642 0.041 0.044
197 197 (1) 2 : 0.233 0.167 0.088 0.512
198 198 (1) 2 : 0.079 0.073 0.789 0.059
199 199 (0) 2 : 0.461 0.396 0.050 0.093
200 200 (0) 2 : 0.111 0.120 0.068 0.700
201 201 (1) 2 : 0.338 0.499 0.041 0.123
202 202 (0) 2 : 0.080 0.082 0.020 0.818
203 203 (0) 2 : 0.338 0.409 0.056 0.197
204 204 (1) 2 : 0.441 0.270 0.089 0.200
205 205 (1) 2 : 0.256 0.470 0.136 0.137
206 206 (1) 2 : 0.054 0.055 0.838 0.053
207 207 (1) 2 : 0.207 0.400 0.283 0.110
208 208 (1) 2 : 0.502 0.356 0.061 0.080
209 209 (0) 2 : 0.106 0.114 0.574 0.207
210 210 (1) 2 : 0.034 0.033 0.909 0.024
211 211 (0) 2 : 0.333 0.324 0.209 0.134
212 212 (1) 2 : 0.145 0.123 0.275 0.456
213 213 (1) 2 : 0.390 0.419 0.043 0.148
214 214 (1) 2 : 0.232 0.613 0.079 0.076
215 215 (1) 2 : 0.566 0.276 0.044 0.114
216 216 (1) 2 : 0.055 0.078 0.834 0.034
217 217 (1) 2 : 0.238 0.217 0.438 0.106
218 218 (1) 2 : 0.135 0.223 0.045 0.598
219 219 (1) 2 : 0.478 0.320 0.155 0.047
220 220 (1) 2 : 0.364 0.404 0.019 0.212
221 221 (0) 2 : 0.194 0.418 0.301 0.087
222 222 (1) 2 : 0.358 0.261 0.056 0.325
223 223 (0) 2 : 0.286 0.492 0.093 0.129
224 224 (1) 2 : 0.494 0.357 0.039 0.110
225 225 (1) 2 : 0.025 0.022 0.928 0.025
226 226 (0) 2 : 0.316 0.355 0.267 0.062
227 227 (1) 2 : 0.039 0.034 0.877 0.050
228 228 (1) 2 : 0.435 0.451 0.063 0.051
229 229 (2) 2 : 0.275 0.449 0.050 0.227
230 230 (1) 2 : 0.177 0.305 0.251 0.267
231 231 (1) 2 : 0.283 0.558 0.088 0.071
232 232 (2) 2 : 0.325 0.362 0.068 0.244
233 233 (1) 2 : 0.266 0.479 0.133 0.122
234 234 (1) 2 : 0.034 0.034 0.899 0.033
235 235 (0) 2 : 0.161 0.140 0.567 0.132
236 236 (1) 2 : 0.310 0.318 0.048 0.324
237 237 (1) 2 : 0.388 0.277 0.121 0.213
238 238 (0) 2 : 0.282 0.464 0.173 0.080
239 239 (1) 2 : 0.567 0.227 0.127 0.079
240 240 (1) 2 : 0.306 0.522 0.064 0.107
241 241 (0) 2 : 0.173 0.113 0.116 0.599
242 242 (1) 2 : 0.541 0.183 0.031 0.245
243 243 (1) 2 : 0.196 0.216 0.075 0.512
244 244 (1) 2 : 0.208 0.314 0.093 0.384
245 245 (0) 2 : 0.021 0.026 0.930 0.023
246 246 (1) 2 : 0.102 0.092 0.217 0.589
247 247 (0) 2 : 0.128 0.156 0.537 0.178
248 248 (1) 2 : 0.141 0.154 0.594 0.112
249 249 (1) 2 : 0.263 0.557 0.098 0.082
250 250 (0) 2 : 0.394 0.241 0.165 0.200
251 251 (1) 2 : 0.269 0.533 0.085 0.113
252 252 (0) 2 : 0.068 0.067 0.058 0.807
253 253 (0) 2 : 0.562 0.229 0.112 0.097
254 254 (1) 2 : 0.203 0.217 0.090 0.491
255 255 (1) 2 : 0.135 0.220 0.045 0.600
256 256 (1) 2 : 0.099 0.135 0.367 0.399
257 257 (0) 2 : 0.272 0.498 0.121 0.109
258 258 (1) 1 : 0.256 0.218 0.305 0.221
259 259 (2) 1 : 0.175 0.150 0.549 0.126
260 260 (1) 1 : 0.583 0.234 0.036 0.147
261 261 (0) 1 : 0.319 0.515 0.091 0.074
262 262 (1) 1 : 0.340 0.273 0.175 0.212
263 263 (0) 1 : 0.162 0.199 0.059 0.580
264 264 (1) 1 : 0.298 0.465 0.112 0.125
265 265 (1) 1 : 0.215 0.560 0.068 0.157
266 266 (1) 1 : 0.229 0.670 0.024 0.077
267 267 (1) 1 : 0.325 0.268 0.229 0.177
268 268 (2) 1 : 0.167 0.165 0.194 0.474
269 269 (1) 1 : 0.496 0.183 0.214 0.106
270 270 (1) 1 : 0.131 0.278 0.051 0.540
271 271 (1) 1 : 0.242 0.209 0.432 0.118
272 272 (0) 1 : 0.392 0.303 0.243 0.062
273 273 (0) 1 : 0.488 0.213 0.067 0.232
274 274 (1) 1 : 0.073 0.087 0.793 0.047
275 275 (1) 1 : 0.357 0.195 0.174 0.274
276 276 (1) 1 : 0.505 0.306 0.090 0.099
277 277 (1) 1 : 0.443 0.371 0.120 0.066
278 278 (1) 1 : 0.228 0.330 0.364 0.079
279 279 (0) 1 : 0.501 0.205 0.233 0.061
280 280 (1) 1 : 0.130 0.300 0.175 0.395
281 281 (1) 1 : 0.435 0.382 0.077 0.106
282 282 (1) 1 : 0.266 0.259 0.282 0.193
283 283 (1) 1 : 0.434 0.375 0.091 0.100
284 284 (0) 1 : 0.324 0.415 0.042 0.220
285 285 (1) 1 : 0.333 0.224 0.077 0.366
286 286 (1) 1 : 0.373 0.370 0.037 0.220
287 287 (1) 1 : 0.018 0.019 0.950 0.014
288 288 (1) 1 : 0.079 0.085 0.774 0.062
289 289 (1) 1 : 0.522 0.242 0.158 0.078
290 290 (1) 1 : 0.024 0.028 0.918 0.030
291 291 (1) 1 : 0.127 0.143 0.438 0.292
292 292 (1) 1 : 0.325 0.280 0.295 0.099
293 293 (1) 1 : 0.132 0.131 0.055 0.682
294 294 (1) 1 : 0.299 0.371 0.262 0.068
295 295 (0) 1 : 0.473 0.285 0.041 0.201
296 296 (0) 1 : 0.474 0.319 0.051 0.157
297 297 (1) 1 : 0.079 0.085 0.799 0.037
298 298 (0) 1 : 0.375 0.524 0.039 0.061
299 299 (1) 1 : 0.190 0.212 0.275 0.323
300 300 (1) 1 : 0.344 0.465 0.061 0.130
301 301 (0) 1 : 0.044 0.049 0.873 0.033
302 302 (1) 1 : 0.201 0.266 0.466 0.067
303 303 (1) 1 : 0.513 0.198 0.200 0.089
304 304 (1) 1 : 0.474 0.233 0.189 0.104
305 305 (1) 1 : 0.436 0.375 0.054 0.136
306 306 (1) 1 : 0.118 0.176 0.679 0.028
307 307 (2) 1 : 0.256 0.398 0.031 0.315
308 308 (0) 1 : 0.352 0.406 0.157 0.086
309 309 (2) 1 : 0.030 0.029 0.907 0.035
310 310 (0) 1 : 0.184 0.213 0.502 0.101
311 311 (0) 1 : 0.256 0.120 0.554 0.069
312 312 (0) 1 : 0.160 0.147 0.062 0.632
313 313 (1) 1 : 0.270 0.515 0.032 0.183
314 314 (0) 1 : 0.130 0.131 0.068 0.670
315 315 (1) 1 : 0.301 0.431 0.104 0.164
316 316 (1) 1 : 0.311 0.527 0.052 0.109
317 317 (1) 1 : 0.376 0.157 0.070 0.397
318 318 (1) 1 : 0.218 0.192 0.052 0.538
319 319 (1) 1 : 0.518 0.252 0.029 0.201
320 320 (0) 1 : 0.301 0.547 0.024 0.128
321 321 (1) 1 : 0.379 0.461 0.044 0.116
322 322 (0) 1 : 0.306 0.205 0.394 0.096
323 323 (1) 1 : 0.381 0.534 0.040 0.045
324 324 (1) 1 : 0.249 0.481 0.045 0.225
325 325 (1) 1 : 0.200 0.264 0.467 0.069
326 326 (1) 1 : 0.296 0.549 0.082 0.072
327 327 (1) 1 : 0.276 0.474 0.058 0.193
328 328 (1) 2 : 0.133 0.164 0.061 0.642
329 329 (0) 2 : 0.341 0.451 0.105 0.103
330 330 (0) 2 : 0.242 0.626 0.092 0.039
331 331 (1) 2 : 0.120 0.129 0.653 0.097
332 332 (1) 2 : 0.104 0.075 0.742 0.079
333 333 (1) 2 : 0.068 0.058 0.834 0.040
334 334 (1) 2 : 0.222 0.287 0.241 0.250
335 335 (0) 2 : 0.212 0.217 0.034 0.537
336 336 (1) 2 : 0.042 0.054 0.870 0.034
337 337 (1) 2 : 0.592 0.280 0.062 0.067
338 338 (1) 2 : 0.054 0.054 0.864 0.028
339 339 (1) 2 : 0.459 0.389 0.080 0.073
340 340 (0) 2 : 0.166 0.147 0.176 0.511
341 341 (1) 2 : 0.374 0.273 0.027 0.325
342 342 (2) 2 : 0.260 0.184 0.448 0.108
343 343 (2) 2 : 0.165 0.160 0.370 0.305
344 344 (3) 2 : 0.213 0.127 0.489 0.171
345 345 (2) 2 : 0.096 0.110 0.686 0.108
346 346 (4) 2 : 0.229 0.701 0.035 0.035
347 347 (3) 2 : 0.536 0.331 0.070 0.062
348 348 (1) 2 : 0.302 0.339 0.249 0.110
349 349 (1) 2 : 0.458 0.413 0.051 0.077
350 350 (1) 2 : 0.431 0.451 0.067 0.052
351 351 (0) 2 : 0.119 0.091 0.740 0.049
352 352 (4) 2 : 0.174 0.241 0.480 0.105
353 353 (2) 2 : 0.228 0.301 0.240 0.231
354 354 (1) 2 : 0.402 0.389 0.127 0.082
355 355 (2) 2 : 0.328 0.521 0.049 0.101
356 356 (1) 2 : 0.204 0.250 0.056 0.490
357 357 (2) 2 : 0.068 0.046 0.657 0.230
358 358 (2) 2 : 0.345 0.175 0.030 0.450
359 359 (3) 2 : 0.539 0.205 0.125 0.131
360 360 (0) 2 : 0.218 0.219 0.071 0.492
361 361 (1) 2 : 0.280 0.600 0.029 0.091
362 362 (1) 2 : 0.248 0.407 0.234 0.111
363 363 (2) 2 : 0.198 0.217 0.311 0.274
364 364 (3) 2 : 0.565 0.318 0.031 0.086
365 365 (4) 2 : 0.460 0.425 0.056 0.060
366 366 (4) 2 : 0.257 0.244 0.061 0.437
367 367 (3) 2 : 0.075 0.103 0.778 0.044
368 368 (3) 2 : 0.278 0.220 0.410 0.092
369 369 (2) 2 : 0.206 0.232 0.114 0.448
370 370 (3) 2 : 0.288 0.490 0.095 0.128
371 371 (1) 2 : 0.345 0.386 0.055 0.214
372 372 (3) 2 : 0.408 0.266 0.136 0.190
373 373 (5) 2 : 0.129 0.139 0.126 0.605
374 374 (5) 2 : 0.100 0.076 0.026 0.798
375 375 (3) 2 : 0.268 0.528 0.136 0.068
376 376 (3) 2 : 0.040 0.041 0.888 0.031
377 377 (4) 2 : 0.104 0.118 0.252 0.526
378 378 (0) 2 : 0.331 0.296 0.122 0.252
379 379 (5) 2 : 0.390 0.242 0.153 0.215
380 380 (4) 2 : 0.313 0.213 0.192 0.282
381 381 (1) 2 : 0.504 0.251 0.079 0.166
382 382 (1) 2 : 0.468 0.288 0.054 0.190
383 383 (3) 2 : 0.197 0.216 0.487 0.100
384 384 (2) 2 : 0.326 0.396 0.242 0.036
385 385 (4) 2 : 0.323 0.558 0.082 0.037
386 386 (2) 2 : 0.350 0.211 0.388 0.051
387 387 (1) 2 : 0.197 0.159 0.332 0.312
388 388 (6) 2 : 0.270 0.158 0.092 0.480
389 389 (1) 2 : 0.389 0.364 0.169 0.077
390 390 (1) 2 : 0.422 0.354 0.103 0.121
391 391 (3) 2 : 0.041 0.045 0.837 0.076
392 392 (2) 2 : 0.317 0.332 0.049 0.302
393 393 (4) 2 : 0.079 0.082 0.098 0.742
394 394 (3) 2 : 0.098 0.096 0.768 0.039
395 395 (7) 2 : 0.108 0.129 0.276 0.488
396 396 (4) 2 : 0.104 0.110 0.539 0.246
397 397 (1) 2 : 0.361 0.381 0.086 0.172
398 398 (3) 2 : 0.234 0.334 0.253 0.179
399 399 (2) 2 : 0.159 0.170 0.379 0.291
400 400 (0) 2 : 0.279 0.507 0.080 0.134
401 401 (6) 2 : 0.100 0.107 0.090 0.703
402 402 (5) 2 : 0.105 0.122 0.266 0.507
403 403 (1) 2 : 0.293 0.232 0.196 0.279
404 404 (2) 2 : 0.411 0.326 0.200 0.064
405 405 (3) 2 : 0.349 0.474 0.053 0.125
406 406 (2) 2 : 0.396 0.481 0.059 0.065
407 407 (2) 2 : 0.265 0.192 0.194 0.349
408 408 (2) 2 : 0.182 0.244 0.159 0.415
409 409 (1) 2 : 0.203 0.416 0.053 0.328
410 410 (1) 2 : 0.238 0.630 0.042 0.090
411 411 (1) 2 : 0.332 0.498 0.057 0.113
412 412 (0) 2 : 0.582 0.319 0.032 0.067
413 413 (1) 2 : 0.264 0.625 0.060 0.051
414 414 (2) 2 : 0.531 0.348 0.040 0.081
415 415 (2) 2 : 0.269 0.476 0.028 0.228
416 416 (3) 2 : 0.402 0.420 0.098 0.080
417 417 (1) 2 : 0.236 0.260 0.077 0.428
418 418 (0) 2 : 0.087 0.103 0.049 0.761
419 419 (1) 2 : 0.295 0.273 0.039 0.393
420 420 (0) 2 : 0.347 0.562 0.044 0.047
421 421 (1) 2 : 0.389 0.452 0.069 0.089
422 422 (6) 2 : 0.364 0.357 0.079 0.200
423 423 (2) 2 : 0.217 0.560 0.075 0.148
424 424 (1) 2 : 0.189 0.283 0.263 0.265
425 425 (1) 2 : 0.244 0.318 0.354 0.085
426 426 (3) 2 : 0.304 0.400 0.052 0.244
427 427 (2) 2 : 0.221 0.132 0.618 0.029
428 428 (6) 2 : 0.279 0.634 0.028 0.058
429 429 (1) 2 : 0.383 0.339 0.240 0.038
430 430 (1) 2 : 0.266 0.276 0.204 0.254
431 431 (0) 2 : 0.331 0.507 0.085 0.077
432 432 (2) 2 : 0.073 0.059 0.790 0.078
433 433 (2) 2 : 0.128 0.106 0.112 0.653
434 434 (2) 2 : 0.390 0.339 0.180 0.091
435 435 (8) 2 : 0.275 0.433 0.103 0.188
436 436 (2) 2 : 0.281 0.488 0.044 0.186
437 437 (4) 2 : 0.329 0.358 0.048 0.264
438 438 (1) 2 : 0.051 0.078 0.092 0.778
439 439 (2) 2 : 0.191 0.147 0.560 0.101
440 440 (0) 2 : 0.054 0.049 0.141 0.756
441 441 (1) 2 : 0.581 0.303 0.050 0.066
442 442 (6) 2 : 0.347 0.243 0.178 0.232
443 443 (1) 2 : 0.535 0.392 0.030 0.043
444 444 (6) 2 : 0.159 0.371 0.062 0.407
445 445 (2) 2 : 0.206 0.366 0.109 0.319
446 446 (3) 2 : 0.108 0.169 0.327 0.396
447 447 (2) 2 : 0.344 0.350 0.145 0.162
448 448 (3) 2 : 0.565 0.258 0.083 0.094
449 449 (1) 2 : 0.485 0.357 0.046 0.113
450 450 (4) 2 : 0.141 0.335 0.239 0.285
451 451 (3) 2 : 0.444 0.371 0.066 0.119
452 452 (1) 2 : 0.552 0.302 0.097 0.049
453 453 (1) 2 : 0.508 0.408 0.037 0.047
454 454 (4) 2 : 0.280 0.169 0.076 0.474
455 455 (4) 2 : 0.175 0.127 0.498 0.199
456 456 (5) 2 : 0.262 0.459 0.166 0.112
457 457 (3) 2 : 0.203 0.194 0.044 0.559
458 458 (1) 2 : 0.230 0.447 0.077 0.246
459 459 (1) 2 : 0.042 0.056 0.869 0.033
460 460 (2) 2 : 0.377 0.475 0.066 0.081
461 461 (1) 2 : 0.090 0.059 0.758 0.093
462 462 (1) 2 : 0.398 0.240 0.028 0.334
463 463 (4) 2 : 0.452 0.354 0.083 0.111
464 464 (6) 2 : 0.233 0.412 0.046 0.309
465 465 (3) 2 : 0.131 0.211 0.051 0.607
466 466 (3) 2 : 0.294 0.252 0.114 0.340
467 467 (2) 2 : 0.496 0.275 0.124 0.105
468 468 (2) 2 : 0.245 0.580 0.029 0.146
469 469 (1) 2 : 0.027 0.036 0.915 0.023
470 470 (0) 2 : 0.129 0.084 0.293 0.494
471 471 (2) 2 : 0.248 0.489 0.117 0.146
472 472 (2) 2 : 0.214 0.733 0.013 0.040
473 473 (1) 2 : 0.293 0.471 0.124 0.112
474 474 (3) 2 : 0.247 0.566 0.090 0.097
475 475 (1) 2 : 0.298 0.124 0.137 0.440
476 476 (2) 2 : 0.441 0.372 0.061 0.127
477 477 (0) 2 : 0.191 0.282 0.139 0.389
478 478 (1) 2 : 0.346 0.406 0.127 0.120
479 479 (1) 2 : 0.292 0.388 0.073 0.247
480 480 (1) 2 : 0.410 0.355 0.141 0.094
481 481 (1) 2 : 0.370 0.458 0.061 0.110
482 482 (1) 2 : 0.190 0.186 0.056 0.569
483 483 (0) 2 : 0.337 0.354 0.055 0.254
484 484 (0) 2 : 0.538 0.298 0.086 0.078
485 485 (0) 2 : 0.222 0.187 0.046 0.545
486 486 (0) 2 : 0.289 0.425 0.074 0.212
487 487 (1) 2 : 0.157 0.077 0.044 0.722
488 488 (1) 2 : 0.219 0.288 0.107 0.387
489 489 (1) 2 : 0.514 0.334 0.077 0.075
490 490 (0) 2 : 0.241 0.673 0.033 0.052
491 491 (0) 2 : 0.140 0.170 0.079 0.611
492 492 (5) 2 : 0.054 0.045 0.781 0.120
493 493 (1) 2 : 0.259 0.152 0.312 0.276
494 494 (3) 2 : 0.395 0.350 0.062 0.193
495 495 (1) 2 : 0.254 0.318 0.142 0.286
496 496 (1) 2 : 0.274 0.499 0.168 0.059
497 497 (1) 2 : 0.313 0.335 0.027 0.325
498 498 (1) 2 : 0.285 0.259 0.102 0.354
499 499 (1) 2 : 0.309 0.341 0.055 0.294
500 500 (1) 2 : 0.401 0.436 0.118 0.044
501 501 (2) 2 : 0.140 0.325 0.043 0.492
502 502 (1) 2 : 0.122 0.095 0.275 0.509
503 503 (2) 2 : 0.295 0.267 0.142 0.296
504 504 (2) 2 : 0.184 0.142 0.082 0.592
505 505 (2) 2 : 0.298 0.462 0.116 0.124
506 506 (3) 2 : 0.291 0.461 0.094 0.154
507 507 (1) 2 : 0.302 0.513 0.126 0.059
508 508 (7) 2 : 0.288 0.514 0.058 0.139
509 509 (1) 2 : 0.251 0.211 0.202 0.336
510 510 (1) 2 : 0.021 0.024 0.929 0.026
511 511 (2) 2 : 0.119 0.143 0.177 0.561
512 512 (1) 2 : 0.172 0.197 0.037 0.593
513 513 (3) 2 : 0.400 0.474 0.051 0.074
514 514 (1) 2 : 0.051 0.065 0.035 0.849
515 515 (5) 2 : 0.374 0.450 0.055 0.121
516 516 (3) 2 : 0.074 0.075 0.346 0.505
517 517 (1) 2 : 0.319 0.207 0.036 0.439
518 518 (1) 2 : 0.158 0.104 0.546 0.192
519 519 (0) 2 : 0.224 0.330 0.144 0.302
520 520 (0) 2 : 0.512 0.239 0.055 0.194
521 521 (2) 2 : 0.326 0.381 0.130 0.163
522 522 (2) 2 : 0.172 0.278 0.422 0.129
523 523 (1) 2 : 0.195 0.110 0.327 0.368
524 524 (3) 2 : 0.233 0.446 0.167 0.155
525 525 (1) 2 : 0.436 0.154 0.072 0.339
526 526 (7) 2 : 0.317 0.558 0.030 0.095
527 527 (4) 2 : 0.352 0.401 0.140 0.107
528 528 (1) 2 : 0.354 0.339 0.036 0.271
529 529 (2) 2 : 0.323 0.560 0.049 0.068
530 530 (1) 2 : 0.153 0.226 0.085 0.535
531 531 (2) 2 : 0.452 0.368 0.053 0.127
532 532 (2) 2 : 0.311 0.521 0.027 0.141
533 533 (5) 2 : 0.044 0.025 0.888 0.043
534 534 (2) 2 : 0.267 0.391 0.145 0.197
535 535 (3) 2 : 0.227 0.227 0.088 0.458
536 536 (0) 2 : 0.300 0.444 0.166 0.091
537 537 (3) 2 : 0.368 0.186 0.303 0.143
538 538 (1) 2 : 0.304 0.416 0.053 0.227
539 539 (1) 2 : 0.312 0.219 0.075 0.394
540 540 (1) 2 : 0.363 0.419 0.077 0.141
541 541 (5) 2 : 0.404 0.198 0.022 0.377
542 542 (4) 2 : 0.447 0.282 0.148 0.123
543 543 (2) 2 : 0.184 0.357 0.027 0.433
544 544 (2) 2 : 0.231 0.302 0.084 0.383
545 545 (2) 2 : 0.252 0.171 0.359 0.218
546 546 (1) 2 : 0.199 0.320 0.069 0.413
547 547 (1) 2 : 0.269 0.303 0.087 0.341
548 548 (1) 2 : 0.087 0.096 0.768 0.049
549 549 (1) 2 : 0.279 0.171 0.346 0.204
550 550 (2) 2 : 0.260 0.332 0.311 0.097
551 551 (4) 2 : 0.383 0.358 0.179 0.081
552 552 (6) 2 : 0.532 0.387 0.050 0.030
553 553 (3) 2 : 0.057 0.065 0.043 0.834
554 554 (1) 2 : 0.255 0.139 0.024 0.582
555 555 (4) 2 : 0.306 0.202 0.039 0.453
556 556 (2) 2 : 0.283 0.346 0.118 0.252
557 557 (0) 2 : 0.372 0.355 0.058 0.214
558 558 (2) 2 : 0.257 0.241 0.101 0.401
559 559 (3) 2 : 0.371 0.193 0.339 0.097
560 560 (6) 2 : 0.281 0.178 0.046 0.495
561 561 (1) 2 : 0.422 0.327 0.207 0.045
562 562 (2) 2 : 0.141 0.172 0.079 0.608
563 563 (2) 2 : 0.241 0.113 0.356 0.290
564 564 (1) 2 : 0.146 0.310 0.399 0.145
565 565 (1) 2 : 0.365 0.511 0.081 0.043
566 566 (1) 2 : 0.362 0.443 0.036 0.160
567 567 (1) 2 : 0.583 0.306 0.055 0.055
568 568 (1) 2 : 0.599 0.278 0.033 0.090
569 569 (3) 2 : 0.403 0.397 0.056 0.144
570 570 (1) 2 : 0.214 0.148 0.315 0.323
571 571 (2) 2 : 0.132 0.148 0.604 0.116
572 572 (5) 2 : 0.129 0.093 0.200 0.578
573 573 (5) 2 : 0.408 0.208 0.210 0.174
574 574 (1) 2 : 0.378 0.327 0.214 0.081
575 575 (2) 2 : 0.306 0.303 0.048 0.344
576 576 (0) 2 : 0.162 0.135 0.024 0.679
577 577 (1) 2 : 0.346 0.219 0.330 0.104
578 578 (1) 2 : 0.629 0.311 0.037 0.024
579 579 (2) 2 : 0.306 0.179 0.093 0.423
580 580 (1) 2 : 0.333 0.222 0.026 0.419
581 581 (1) 2 : 0.135 0.107 0.162 0.596
582 582 (0) 2 : 0.315 0.519 0.110 0.056
583 583 (1) 2 : 0.347 0.212 0.083 0.358
584 584 (2) 2 : 0.255 0.157 0.356 0.233
585 585 (1) 2 : 0.343 0.341 0.281 0.036
586 586 (0) 2 : 0.128 0.139 0.618 0.115
587 587 (1) 2 : 0.271 0.448 0.049 0.233
588 588 (0) 2 : 0.225 0.142 0.492 0.142
589 589 (2) 2 : 0.063 0.072 0.045 0.820
590 590 (2) 2 : 0.250 0.325 0.178 0.247
591 591 (1) 2 : 0.171 0.176 0.469 0.184
592 592 (1) 2 : 0.340 0.314 0.065 0.281
593 593 (1) 2 : 0.269 0.365 0.297 0.069
594 594 (3) 2 : 0.327 0.501 0.054 0.119
595 595 (1) 2 : 0.495 0.265 0.119 0.121
596 596 (1) 2 : 0.260 0.526 0.113 0.100
597 597 (1) 2 : 0.270 0.548 0.112 0.070
598 598 (1) 2 : 0.162 0.124 0.609 0.105
599 599 (1) 2 : 0.252 0.197 0.109 0.443
600 600 (2) 2 : 0.235 0.210 0.057 0.497
601 601 (7) 2 : 0.137 0.094 0.025 0.743
602 602 (3) 2 : 0.256 0.595 0.098 0.051
603 603 (1) 2 : 0.226 0.308 0.062 0.403
604 604 (1) 2 : 0.461 0.224 0.067 0.248
605 605 (1) 2 : 0.157 0.233 0.051 0.559
606 606 (1) 2 : 0.217 0.265 0.457 0.061
607 607 (1) 2 : 0.220 0.508 0.083 0.189
608 608 (1) 2 : 0.228 0.292 0.063 0.417
609 609 (1) 2 : 0.078 0.048 0.068 0.806
610 610 (1) 2 : 0.208 0.234 0.215 0.344
611 611 (1) 2 : 0.276 0.382 0.080 0.262
612 612 (1) 2 : 0.344 0.378 0.165 0.112
613 613 (2) 2 : 0.127 0.113 0.603 0.157
614 614 (1) 2 : 0.066 0.074 0.303 0.556
615 615 (1) 2 : 0.347 0.516 0.041 0.096
616 616 (1) 2 : 0.323 0.553 0.052 0.072
617 617 (1) 2 : 0.250 0.360 0.038 0.352
618 618 (0) 2 : 0.391 0.379 0.175 0.055
619 619 (1) 2 : 0.426 0.382 0.127 0.065
620 620 (1) 2 : 0.205 0.363 0.300 0.132
621 621 (1) 2 : 0.185 0.256 0.231 0.328
622 622 (1) 2 : 0.344 0.375 0.020 0.261
623 623 (1) 2 : 0.388 0.219 0.322 0.071
624 624 (0) 2 : 0.440 0.206 0.105 0.249
625 625 (0) 2 : 0.486 0.423 0.050 0.041
626 626 (1) 2 : 0.293 0.562 0.026 0.119
627 627 (1) 2 : 0.548 0.314 0.043 0.096
628 628 (1) 2 : 0.167 0.210 0.543 0.080
629 629 (1) 2 : 0.036 0.030 0.914 0.020
630 630 (2) 2 : 0.584 0.268 0.100 0.047
631 631 (5) 2 : 0.130 0.112 0.318 0.441
632 632 (2) 2 : 0.219 0.567 0.085 0.129
633 633 (1) 2 : 0.315 0.313 0.330 0.043
634 634 (4) 2 : 0.363 0.268 0.025 0.344
635 635 (1) 2 : 0.581 0.362 0.027 0.029
636 636 (0) 2 : 0.392 0.383 0.085 0.140
637 637 (1) 2 : 0.066 0.062 0.046 0.826
638 638 (0) 2 : 0.449 0.342 0.158 0.051
639 639 (0) 2 : 0.307 0.153 0.080 0.460
640 640 (1) 2 : 0.218 0.532 0.143 0.107
641 641 (1) 2 : 0.361 0.291 0.139 0.210
642 642 (1) 2 : 0.201 0.223 0.411 0.164
643 643 (1) 2 : 0.573 0.360 0.023 0.044
644 644 (1) 2 : 0.334 0.561 0.043 0.062
645 645 (0) 2 : 0.297 0.320 0.282 0.101
646 646 (1) 3 : 0.301 0.423 0.081 0.194
647 647 (1) 2 : 0.452 0.308 0.105 0.135
648 648 (0) 3 : 0.321 0.492 0.033 0.154
649 649 (1) 3 : 0.608 0.334 0.023 0.035
650 650 (1) 3 : 0.514 0.326 0.110 0.051
651 651 (1) 2 : 0.406 0.308 0.057 0.229
652 652 (0) 3 : 0.535 0.260 0.062 0.143
653 653 (2) 4 : 0.294 0.146 0.056 0.504
654 654 (0) 2 : 0.556 0.318 0.037 0.088
655 655 (1) 4 : 0.130 0.187 0.188 0.495
656 656 (1) 4 : 0.082 0.101 0.057 0.760
657 657 (1) 4 : 0.033 0.038 0.025 0.904
658 658 (0) 4 : 0.035 0.039 0.054 0.872
659 659 (0) 4 : 0.050 0.046 0.034 0.871
660 660 (3) 3 : 0.256 0.554 0.154 0.036
661 661 (1) 2 : 0.326 0.351 0.089 0.234
662 662 (1) 3 : 0.540 0.295 0.066 0.099
663 663 (1) 3 : 0.657 0.231 0.050 0.062
664 664 (1) 3 : 0.260 0.566 0.084 0.090
665 665 (1) 3 : 0.366 0.452 0.145 0.037
666 666 (0) 2 : 0.114 0.094 0.649 0.143
667 667 (1) 3 : 0.640 0.253 0.061 0.046
668 668 (1) 4 : 0.176 0.179 0.346 0.298
669 669 (0) 4 : 0.046 0.039 0.041 0.875
670 670 (1) 4 : 0.114 0.066 0.032 0.789
671 671 (1) 4 : 0.196 0.149 0.070 0.586
672 672 (1) 4 : 0.105 0.106 0.052 0.737
673 673 (0) 4 : 0.187 0.227 0.052 0.534
674 674 (2) 3 : 0.334 0.459 0.045 0.161
675 675 (5) 3 : 0.234 0.562 0.079 0.124
676 676 (0) 3 : 0.448 0.290 0.026 0.236
677 677 (3) 3 : 0.218 0.499 0.216 0.067
678 678 (0) 3 : 0.328 0.463 0.075 0.134
679 679 (2) 2 : 0.207 0.333 0.294 0.165
680 680 (0) 3 : 0.376 0.277 0.199 0.147
681 681 (2) 4 : 0.125 0.086 0.137 0.651
682 682 (0) 2 : 0.119 0.176 0.148 0.557
683 683 (2) 4 : 0.276 0.156 0.043 0.525
684 684 (1) 4 : 0.040 0.033 0.138 0.789
685 685 (1) 4 : 0.049 0.043 0.051 0.856
686 686 (0) 4 : 0.038 0.031 0.026 0.905
687 687 (1) 3 : 0.215 0.611 0.075 0.099
688 688 (2) 3 : 0.586 0.302 0.034 0.077
689 689 (1) 3 : 0.285 0.533 0.066 0.116
690 690 (1) 3 : 0.255 0.608 0.077 0.061
691 691 (1) 2 : 0.113 0.139 0.098 0.650
692 692 (0) 3 : 0.526 0.290 0.080 0.103
693 693 (0) 2 : 0.293 0.467 0.081 0.160
694 694 (1) 4 : 0.332 0.294 0.058 0.315
695 695 (0) 4 : 0.092 0.095 0.019 0.794
696 696 (1) 4 : 0.100 0.157 0.159 0.584
697 697 (0) 4 : 0.042 0.053 0.048 0.857
698 698 (1) 4 : 0.068 0.075 0.054 0.803
699 699 (6) 3 : 0.227 0.487 0.122 0.164
700 700 (1) 2 : 0.318 0.207 0.364 0.111
701 701 (3) 3 : 0.380 0.396 0.062 0.163
702 702 (1) 3 : 0.269 0.568 0.046 0.116
703 703 (3) 3 : 0.435 0.365 0.133 0.067
704 704 (1) 3 : 0.555 0.324 0.061 0.060
705 705 (1) 2 : 0.548 0.259 0.139 0.054
706 706 (0) 3 : 0.546 0.314 0.074 0.067
707 707 (1) 2 : 0.053 0.087 0.826 0.034
708 708 (2) 4 : 0.057 0.047 0.020 0.876
709 709 (1) 2 : 0.050 0.055 0.814 0.081
710 710 (1) 4 : 0.219 0.117 0.059 0.605
711 711 (2) 4 : 0.115 0.077 0.069 0.739
712 712 (1) 4 : 0.087 0.084 0.096 0.734
713 713 (0) 4 : 0.036 0.040 0.022 0.902
714 714 (1) 3 : 0.223 0.190 0.101 0.486
715 715 (1) 2 : 0.557 0.195 0.038 0.210
716 716 (3) 3 : 0.300 0.600 0.044 0.057
717 717 (0) 3 : 0.383 0.366 0.084 0.167
718 718 (4) 3 : 0.564 0.322 0.056 0.058
719 719 (1) 3 : 0.255 0.455 0.103 0.188
720 720 (1) 2 : 0.358 0.340 0.170 0.132
721 721 (1) 2 : 0.257 0.358 0.126 0.259
722 722 (1) 4 : 0.102 0.116 0.109 0.673
723 723 (0) 4 : 0.047 0.045 0.065 0.844
724 724 (0) 4 : 0.064 0.060 0.015 0.861
725 725 (2) 4 : 0.055 0.054 0.026 0.866
726 726 (1) 4 : 0.039 0.032 0.025 0.903
727 727 (2) 2 : 0.695 0.188 0.033 0.084
728 728 (3) 3 : 0.247 0.650 0.052 0.050
729 729 (1) 3 : 0.391 0.373 0.107 0.129
730 730 (2) 3 : 0.178 0.409 0.094 0.318
731 731 (1) 3 : 0.484 0.339 0.105 0.073
732 732 (1) 4 : 0.116 0.107 0.204 0.573
733 733 (1) 4 : 0.093 0.060 0.048 0.799
734 734 (1) 4 : 0.042 0.052 0.028 0.878
735 735 (2) 4 : 0.104 0.063 0.038 0.795
736 736 (1) 4 : 0.044 0.048 0.017 0.892
737 737 (0) 2 : 0.109 0.113 0.504 0.274
738 738 (0) 3 : 0.361 0.525 0.045 0.069
739 739 (1) 3 : 0.330 0.407 0.043 0.220
740 740 (1) 3 : 0.377 0.387 0.090 0.146
741 741 (1) 2 : 0.238 0.280 0.176 0.306
742 742 (1) 2 : 0.293 0.525 0.052 0.130
743 743 (0) 4 : 0.126 0.201 0.040 0.633
744 744 (0) 4 : 0.043 0.045 0.048 0.864
745 745 (0) 4 : 0.042 0.041 0.013 0.904
746 746 (0) 4 : 0.271 0.147 0.026 0.556
747 747 (1) 4 : 0.066 0.052 0.031 0.851
748 748 (1) 2 : 0.145 0.154 0.612 0.090
749 749 (1) 2 : 0.213 0.179 0.508 0.100
750 750 (0) 2 : 0.117 0.067 0.076 0.740
751 751 (1) 2 : 0.034 0.043 0.861 0.063
752 752 (1) 2 : 0.144 0.130 0.061 0.665
753 753 (1) 2 : 0.475 0.349 0.114 0.062
754 754 (0) 2 : 0.194 0.146 0.106 0.554
755 755 (1) 2 : 0.276 0.537 0.139 0.048
756 756 (0) 2 : 0.034 0.034 0.889 0.043
757 757 (1) 2 : 0.059 0.060 0.701 0.180
758 758 (2) 2 : 0.067 0.059 0.846 0.028
759 759 (0) 2 : 0.413 0.453 0.071 0.064
760 760 (1) 2 : 0.381 0.364 0.090 0.165
761 761 (2) 2 : 0.302 0.393 0.052 0.252
762 762 (0) 2 : 0.351 0.449 0.128 0.072
763 763 (1) 2 : 0.143 0.162 0.502 0.192
764 764 (1) 2 : 0.192 0.129 0.441 0.239
765 765 (1) 2 : 0.285 0.287 0.158 0.270
766 766 (3) 2 : 0.128 0.096 0.497 0.279
767 767 (1) 2 : 0.565 0.268 0.047 0.120
768 768 (1) 2 : 0.040 0.034 0.894 0.032
769 769 (1) 2 : 0.582 0.316 0.055 0.047
770 770 (1) 2 : 0.750 0.175 0.052 0.023
771 771 (0) 2 : 0.231 0.500 0.152 0.117
772 772 (0) 2 : 0.350 0.403 0.099 0.148
773 773 (1) 2 : 0.164 0.110 0.099 0.627
774 774 (1) 2 : 0.404 0.258 0.208 0.130
775 775 (1) 2 : 0.236 0.396 0.259 0.110
776 776 (0) 2 : 0.247 0.635 0.024 0.094
777 777 (1) 2 : 0.202 0.144 0.049 0.605
778 778 (1) 2 : 0.291 0.301 0.057 0.351
779 779 (6) 2 : 0.039 0.039 0.892 0.029
780 780 (2) 2 : 0.236 0.592 0.052 0.119
781 781 (1) 2 : 0.393 0.221 0.156 0.230
782 782 (1) 2 : 0.107 0.093 0.035 0.765
783 783 (1) 2 : 0.457 0.308 0.149 0.086
784 784 (1) 2 : 0.211 0.211 0.438 0.140
785 785 (1) 2 : 0.131 0.117 0.502 0.250
786 786 (2) 2 : 0.552 0.347 0.040 0.061
787 787 (0) 2 : 0.283 0.544 0.130 0.044
788 788 (1) 2 : 0.447 0.319 0.038 0.195
789 789 (1) 2 : 0.178 0.140 0.055 0.628
790 790 (1) 2 : 0.231 0.267 0.459 0.044
791 791 (1) 2 : 0.030 0.034 0.911 0.024
792 792 (2) 2 : 0.566 0.299 0.030 0.105
793 793 (1) 2 : 0.075 0.088 0.036 0.801
794 794 (0) 2 : 0.064 0.072 0.052 0.812
795 795 (1) 2 : 0.046 0.058 0.838 0.058
796 796 (0) 2 : 0.476 0.225 0.098 0.201
797 797 (0) 2 : 0.214 0.480 0.173 0.132
798 798 (0) 2 : 0.099 0.095 0.112 0.694
799 799 (1) 2 : 0.079 0.103 0.588 0.230
800 800 (1) 2 : 0.154 0.273 0.531 0.042
801 801 (1) 2 : 0.059 0.060 0.839 0.042
802 802 (1) 2 : 0.129 0.200 0.050 0.621
803 803 (2) 2 : 0.069 0.068 0.029 0.833
804 804 (1) 2 : 0.288 0.567 0.043 0.102
805 805 (1) 2 : 0.617 0.256 0.081 0.046
806 806 (0) 2 : 0.453 0.420 0.063 0.065
807 807 (1) 2 : 0.279 0.216 0.388 0.117
808 808 (1) 2 : 0.070 0.077 0.808 0.045
809 809 (2) 2 : 0.335 0.294 0.336 0.035
810 810 (1) 2 : 0.045 0.041 0.862 0.052
811 811 (1) 2 : 0.027 0.035 0.909 0.029
812 812 (0) 2 : 0.460 0.284 0.118 0.138
813 813 (1) 2 : 0.061 0.061 0.800 0.078
814 814 (1) 2 : 0.036 0.030 0.872 0.063
815 815 (0) 2 : 0.327 0.345 0.083 0.244
816 816 (0) 2 : 0.070 0.093 0.230 0.608
817 817 (1) 2 : 0.338 0.410 0.164 0.088
818 818 (2) 2 : 0.046 0.055 0.815 0.084
819 819 (1) 2 : 0.048 0.043 0.328 0.582
820 820 (0) 2 : 0.304 0.408 0.203 0.084
821 821 (1) 2 : 0.037 0.035 0.900 0.028
822 822 (2) 2 : 0.271 0.474 0.187 0.069
823 823 (1) 2 : 0.176 0.171 0.588 0.065
824 824 (1) 2 : 0.080 0.090 0.754 0.077
825 825 (1) 2 : 0.481 0.417 0.018 0.083
826 826 (1) 2 : 0.069 0.086 0.805 0.040
827 827 (0) 2 : 0.305 0.223 0.161 0.311
828 828 (1) 2 : 0.395 0.328 0.045 0.232
829 829 (1) 2 : 0.113 0.171 0.541 0.175
830 830 (1) 2 : 0.507 0.381 0.047 0.065
831 831 (1) 2 : 0.036 0.050 0.794 0.120
832 832 (1) 2 : 0.292 0.444 0.070 0.194
833 833 (1) 2 : 0.534 0.303 0.034 0.130
834 834 (0) 2 : 0.389 0.367 0.080 0.164
835 835 (1) 2 : 0.106 0.184 0.430 0.279
836 836 (0) 2 : 0.099 0.070 0.648 0.183
837 837 (1) 2 : 0.289 0.288 0.261 0.162
838 838 (1) 2 : 0.067 0.056 0.051 0.826
839 839 (1) 2 : 0.493 0.307 0.042 0.157
840 840 (0) 2 : 0.397 0.379 0.146 0.078
841 841 (5) 2 : 0.196 0.158 0.528 0.118
842 842 (1) 2 : 0.050 0.047 0.871 0.031
843 843 (2) 2 : 0.032 0.035 0.904 0.029
844 844 (1) 2 : 0.167 0.190 0.491 0.152
845 845 (1) 2 : 0.415 0.329 0.106 0.150
846 846 (0) 2 : 0.404 0.243 0.103 0.249
847 847 (0) 2 : 0.258 0.593 0.045 0.104
848 848 (1) 2 : 0.038 0.036 0.905 0.021
849 849 (1) 2 : 0.211 0.223 0.048 0.518
850 850 (1) 2 : 0.413 0.349 0.075 0.163
851 851 (1) 2 : 0.361 0.365 0.113 0.161
852 852 (1) 2 : 0.117 0.148 0.430 0.305
853 853 (1) 2 : 0.107 0.066 0.609 0.218
854 854 (0) 2 : 0.113 0.130 0.534 0.222
855 855 (1) 2 : 0.484 0.340 0.082 0.094
856 856 (5) 2 : 0.353 0.342 0.154 0.152
857 857 (1) 2 : 0.332 0.572 0.042 0.055
858 858 (0) 2 : 0.216 0.121 0.084 0.579
859 859 (0) 2 : 0.081 0.087 0.768 0.063
860 860 (1) 2 : 0.031 0.033 0.913 0.023
861 861 (1) 2 : 0.044 0.044 0.868 0.043
862 862 (1) 2 : 0.114 0.143 0.118 0.625
863 863 (0) 2 : 0.034 0.033 0.871 0.062
864 864 (4) 2 : 0.080 0.099 0.727 0.094
865 865 (1) 2 : 0.038 0.040 0.060 0.862
866 866 (1) 2 : 0.492 0.282 0.191 0.035
867 867 (1) 2 : 0.234 0.126 0.053 0.587
868 868 (0) 2 : 0.413 0.388 0.060 0.140
869 869 (1) 2 : 0.154 0.193 0.063 0.590
870 870 (1) 2 : 0.060 0.065 0.784 0.092
871 871 (1) 2 : 0.049 0.036 0.106 0.809
872 872 (1) 2 : 0.130 0.135 0.167 0.568
873 873 (1) 2 : 0.040 0.041 0.888 0.031
874 874 (1) 2 : 0.453 0.396 0.075 0.075
875 875 (1) 2 : 0.164 0.143 0.165 0.529
876 876 (1) 2 : 0.105 0.179 0.107 0.609
877 877 (1) 2 : 0.197 0.263 0.470 0.070
878 878 (0) 2 : 0.262 0.346 0.254 0.138
879 879 (2) 2 : 0.022 0.028 0.929 0.021
880 880 (1) 2 : 0.180 0.219 0.288 0.314
881 881 (2) 2 : 0.088 0.092 0.743 0.077
882 882 (1) 2 : 0.321 0.415 0.083 0.181
