1 1 (0) 1 : 0.114 0.138 0.243 0.203 0.014 0.288
2 2 (1) 1 : 0.054 0.275 0.198 0.311 0.061 0.102
3 3 (1) 1 : 0.030 0.282 0.376 0.118 0.049 0.145
4 4 (1) 1 : 0.182 0.307 0.183 0.240 0.022 0.066
5 5 (2) 1 : 0.013 0.018 0.015 0.011 0.928 0.014
6 6 (1) 1 : 0.066 0.184 0.376 0.135 0.201 0.038
7 7 (1) 1 : 0.311 0.075 0.173 0.065 0.177 0.200
8 8 (0) 1 : 0.142 0.374 0.122 0.284 0.010 0.067
9 9 (1) 1 : 0.035 0.101 0.348 0.241 0.152 0.122
10 10 (1) 1 : 0.082 0.123 0.084 0.176 0.453 0.081
11 11 (0) 1 : 0.168 0.082 0.329 0.173 0.103 0.145
12 12 (0) 1 : 0.097 0.053 0.553 0.154 0.101 0.042
13 13 (1) 1 : 0.405 0.270 0.059 0.139 0.021 0.105
14 14 (1) 1 : 0.316 0.044 0.081 0.139 0.402 0.017
15 15 (2) 1 : 0.396 0.045 0.063 0.073 0.395 0.027
16 16 (1) 1 : 0.204 0.073 0.171 0.356 0.078 0.118
17 17 (1) 1 : 0.151 0.438 0.118 0.203 0.076 0.014
18 18 (2) 1 : 0.200 0.290 0.099 0.124 0.024 0.263
19 19 (1) 1 : 0.422 0.288 0.056 0.074 0.044 0.115
20 20 (1) 1 : 0.187 0.050 0.195 0.379 0.176 0.014
21 21 (1) 1 : 0.107 0.293 0.074 0.300 0.160 0.065
22 22 (1) 1 : 0.091 0.161 0.149 0.102 0.054 0.443
23 23 (1) 1 : 0.049 0.305 0.211 0.201 0.132 0.103
24 24 (1) 1 : 0.021 0.059 0.047 0.055 0.015 0.802
25 25 (1) 1 : 0.314 0.232 0.114 0.061 0.193 0.086
26 26 (1) 1 : 0.043 0.534 0.081 0.059 0.093 0.190
27 27 (1) 1 : 0.607 0.066 0.182 0.059 0.040 0.045
28 28 (1) 1 : 0.019 0.020 0.041 0.059 0.018 0.843
29 29 (1) 1 : 0.118 0.106 0.328 0.289 0.049 0.110
30 30 (1) 1 : 0.047 0.151 0.075 0.055 0.600 0.073
31 31 (1) 1 : 0.162 0.242 0.239 0.198 0.029 0.130
32 32 (1) 1 : 0.129 0.168 0.097 0.451 0.075 0.081
33 33 (1) 1 : 0.089 0.146 0.189 0.243 0.110 0.222
34 34 (1) 1 : 0.245 0.071 0.042 0.069 0.539 0.035
35 35 (0) 1 : 0.114 0.207 0.139 0.339 0.079 0.122
36 36 (1) 1 : 0.078 0.355 0.169 0.202 0.143 0.053
37 37 (1) 1 : 0.124 0.095 0.079 0.063 0.077 0.562
38 38 (1) 1 : 0.041 0.067 0.059 0.051 0.489 0.293
39 39 (1) 1 : 0.077 0.625 0.097 0.064 0.095 0.041
40 40 (0) 1 : 0.162 0.119 0.360 0.062 0.265 0.032
41 41 (1) 1 : 0.441 0.082 0.221 0.084 0.027 0.144
42 42 (1) 1 : 0.041 0.063 0.050 0.021 0.801 0.025
43 43 (1) 1 : 0.045 0.202 0.466 0.132 0.035 0.120
44 44 (7) 1 : 0.041 0.225 0.409 0.212 0.040 0.073
45 45 (2) 1 : 0.063 0.070 0.136 0.191 0.304 0.235
46 46 (1) 1 : 0.076 0.234 0.102 0.150 0.051 0.386
47 47 (0) 1 : 0.048 0.047 0.052 0.059 0.058 0.737
48 48 (1) 1 : 0.082 0.251 0.391 0.129 0.044 0.102
49 49 (0) 1 : 0.127 0.226 0.161 0.300 0.033 0.154
50 50 (1) 1 : 0.536 0.123 0.138 0.160 0.020 0.023
51 51 (2) 1 : 0.091 0.052 0.050 0.065 0.682 0.060
52 52 (1) 1 : 0.035 0.044 0.026 0.026 0.828 0.041
53 53 (2) 1 : 0.037 0.071 0.114 0.074 0.028 0.675
54 54 (1) 1 : 0.073 0.151 0.121 0.226 0.058 0.372
55 55 (3) 1 : 0.167 0.464 0.144 0.077 0.082 0.066
56 56 (1) 1 : 0.147 0.081 0.055 0.123 0.066 0.528
57 57 (0) 1 : 0.080 0.173 0.073 0.155 0.020 0.500
58 58 (1) 1 : 0.064 0.059 0.060 0.073 0.712 0.032
59 59 (0) 1 : 0.072 0.076 0.134 0.085 0.023 0.610
60 60 (2) 1 : 0.340 0.100 0.263 0.121 0.094 0.082
61 61 (1) 1 : 0.130 0.075 0.080 0.280 0.045 0.390
62 62 (1) 1 : 0.057 0.209 0.505 0.114 0.035 0.081
63 63 (0) 1 : 0.067 0.059 0.108 0.392 0.179 0.195
64 64 (3) 1 : 0.155 0.171 0.333 0.215 0.053 0.073
65 65 (1) 1 : 0.289 0.255 0.096 0.227 0.060 0.073
66 66 (4) 1 : 0.456 0.174 0.060 0.060 0.211 0.039
67 67 (0) 1 : 0.327 0.103 0.058 0.223 0.031 0.257
68 68 (2) 1 : 0.055 0.181 0.177 0.109 0.037 0.441
69 69 (2) 1 : 0.062 0.051 0.046 0.073 0.158 0.610
70 70 (1) 1 : 0.061 0.430 0.210 0.126 0.029 0.145
71 71 (0) 1 : 0.234 0.198 0.169 0.296 0.030 0.073
72 72 (5) 1 : 0.123 0.099 0.410 0.221 0.020 0.127
73 73 (1) 1 : 0.033 0.191 0.114 0.297 0.208 0.157
74 74 (1) 1 : 0.173 0.193 0.493 0.074 0.037 0.029
75 75 (1) 1 : 0.189 0.262 0.053 0.212 0.094 0.190
76 76 (1) 1 : 0.056 0.152 0.080 0.124 0.037 0.551
77 77 (1) 1 : 0.016 0.015 0.024 0.019 0.909 0.018
78 78 (1) 1 : 0.106 0.266 0.230 0.289 0.034 0.075
79 79 (2) 1 : 0.072 0.249 0.134 0.431 0.036 0.078
80 80 (2) 1 : 0.076 0.034 0.062 0.055 0.723 0.050
81 81 (2) 1 : 0.102 0.072 0.169 0.166 0.392 0.098
82 82 (1) 1 : 0.060 0.118 0.180 0.207 0.019 0.415
83 83 (0) 1 : 0.172 0.248 0.131 0.182 0.040 0.227
84 84 (1) 1 : 0.157 0.289 0.196 0.128 0.168 0.062
85 85 (6) 1 : 0.188 0.340 0.111 0.260 0.027 0.074
86 86 (1) 1 : 0.522 0.096 0.230 0.067 0.064 0.021
87 87 (2) 1 : 0.082 0.144 0.226 0.232 0.030 0.286
88 88 (0) 2 : 0.043 0.060 0.028 0.028 0.813 0.028
89 89 (1) 2 : 0.110 0.582 0.159 0.047 0.040 0.062
90 90 (1) 2 : 0.025 0.026 0.030 0.029 0.873 0.017
91 91 (2) 2 : 0.202 0.162 0.202 0.169 0.014 0.251
92 92 (1) 2 : 0.063 0.155 0.077 0.293 0.033 0.378
93 93 (1) 2 : 0.047 0.181 0.045 0.067 0.012 0.648
94 94 (1) 2 : 0.150 0.279 0.229 0.157 0.155 0.031
95 95 (0) 2 : 0.079 0.373 0.241 0.125 0.161 0.021
96 96 (2) 2 : 0.426 0.119 0.078 0.249 0.074 0.054
97 97 (1) 2 : 0.020 0.048 0.040 0.049 0.106 0.738
98 98 (0) 2 : 0.212 0.140 0.182 0.332 0.038 0.096
99 99 (0) 2 : 0.109 0.049 0.107 0.378 0.070 0.286
100 100 (1) 2 : 0.053 0.768 0.069 0.041 0.029 0.041
101 101 (1) 2 : 0.050 0.191 0.067 0.090 0.481 0.122
102 102 (1) 2 : 0.325 0.259 0.136 0.190 0.055 0.034
103 103 (2) 2 : 0.094 0.272 0.178 0.132 0.163 0.161
104 104 (1) 2 : 0.081 0.185 0.086 0.103 0.029 0.516
105 105 (1) 2 : 0.055 0.024 0.116 0.160 0.169 0.476
106 106 (1) 2 : 0.013 0.016 0.020 0.016 0.907 0.028
107 107 (2) 2 : 0.532 0.064 0.102 0.102 0.068 0.132
108 108 (0) 2 : 0.157 0.124 0.137 0.350 0.047 0.184
109 109 (1) 2 : 0.385 0.155 0.174 0.049 0.208 0.029
110 110 (1) 2 : 0.045 0.094 0.151 0.158 0.144 0.408
111 111 (1) 2 : 0.085 0.083 0.101 0.374 0.044 0.314
112 112 (2) 2 : 0.255 0.176 0.241 0.204 0.087 0.037
113 113 (1) 2 : 0.159 0.155 0.090 0.065 0.494 0.037
114 114 (3) 2 : 0.087 0.482 0.192 0.125 0.036 0.079
115 115 (2) 2 : 0.020 0.091 0.420 0.265 0.035 0.169
116 116 (0) 2 : 0.052 0.684 0.097 0.053 0.064 0.049
117 117 (1) 2 : 0.105 0.175 0.115 0.409 0.163 0.032
118 118 (1) 2 : 0.171 0.483 0.070 0.163 0.024 0.090
119 119 (3) 2 : 0.391 0.111 0.146 0.250 0.060 0.042
120 120 (1) 2 : 0.040 0.052 0.031 0.043 0.012 0.823
121 121 (0) 2 : 0.220 0.315 0.248 0.138 0.048 0.031
122 122 (1) 2 : 0.159 0.348 0.139 0.206 0.046 0.101
123 123 (1) 2 : 0.292 0.185 0.122 0.247 0.020 0.135
124 124 (0) 2 : 0.068 0.140 0.559 0.105 0.092 0.036
125 125 (1) 2 : 0.041 0.086 0.154 0.076 0.074 0.570
126 126 (1) 2 : 0.056 0.058 0.079 0.159 0.621 0.026
127 127 (1) 2 : 0.735 0.041 0.048 0.076 0.044 0.056
128 128 (1) 2 : 0.064 0.086 0.052 0.207 0.035 0.555
129 129 (1) 2 : 0.056 0.402 0.061 0.226 0.208 0.046
130 130 (1) 2 : 0.046 0.250 0.588 0.045 0.049 0.023
131 131 (1) 2 : 0.057 0.314 0.191 0.272 0.063 0.103
132 132 (1) 2 : 0.105 0.090 0.142 0.097 0.053 0.513
133 133 (1) 2 : 0.070 0.330 0.233 0.282 0.025 0.060
134 134 (1) 2 : 0.440 0.067 0.095 0.290 0.052 0.056
135 135 (1) 2 : 0.025 0.021 0.028 0.043 0.017 0.865
136 136 (3) 2 : 0.121 0.493 0.120 0.129 0.035 0.102
137 137 (1) 2 : 0.287 0.063 0.293 0.105 0.207 0.045
138 138 (1) 2 : 0.056 0.155 0.075 0.040 0.647 0.027
139 139 (2) 2 : 0.069 0.311 0.377 0.178 0.017 0.047
140 140 (3) 2 : 0.347 0.298 0.120 0.100 0.089 0.046
141 141 (0) 2 : 0.163 0.157 0.109 0.090 0.337 0.143
142 142 (1) 2 : 0.161 0.098 0.122 0.064 0.299 0.256
143 143 (0) 2 : 0.032 0.082 0.166 0.227 0.052 0.441
144 144 (1) 2 : 0.106 0.403 0.345 0.069 0.014 0.062
145 145 (1) 2 : 0.120 0.153 0.410 0.264 0.026 0.027
146 146 (2) 2 : 0.075 0.110 0.093 0.334 0.040 0.349
147 147 (1) 2 : 0.512 0.081 0.072 0.234 0.034 0.067
148 148 (1) 2 : 0.323 0.079 0.232 0.106 0.017 0.243
149 149 (2) 2 : 0.134 0.100 0.091 0.424 0.048 0.203
150 150 (2) 2 : 0.126 0.173 0.071 0.185 0.047 0.398
151 151 (1) 2 : 0.203 0.338 0.107 0.071 0.092 0.191
152 152 (0) 2 : 0.165 0.073 0.244 0.416 0.047 0.054
153 153 (1) 2 : 0.042 0.020 0.032 0.045 0.022 0.839
154 154 (2) 2 : 0.255 0.104 0.375 0.193 0.041 0.032
155 155 (1) 2 : 0.174 0.158 0.198 0.286 0.077 0.108
156 156 (1) 2 : 0.304 0.070 0.211 0.146 0.111 0.157
157 157 (0) 2 : 0.089 0.207 0.302 0.164 0.054 0.184
158 158 (2) 2 : 0.182 0.476 0.082 0.171 0.017 0.071
159 159 (1) 2 : 0.353 0.190 0.258 0.119 0.040 0.041
160 160 (0) 2 : 0.315 0.055 0.174 0.251 0.049 0.157
161 161 (1) 2 : 0.112 0.215 0.181 0.051 0.032 0.409
162 162 (1) 2 : 0.302 0.135 0.178 0.128 0.055 0.202
163 163 (1) 2 : 0.071 0.053 0.087 0.051 0.042 0.694
164 164 (1) 2 : 0.277 0.271 0.139 0.254 0.019 0.039
165 165 (0) 2 : 0.116 0.079 0.285 0.407 0.017 0.096
166 166 (0) 2 : 0.135 0.090 0.527 0.150 0.044 0.054
167 167 (2) 2 : 0.147 0.079 0.145 0.037 0.081 0.511
168 168 (0) 2 : 0.107 0.652 0.065 0.072 0.057 0.047
169 169 (1) 2 : 0.027 0.016 0.017 0.015 0.914 0.012
170 170 (1) 2 : 0.077 0.080 0.135 0.176 0.051 0.482
171 171 (1) 2 : 0.184 0.164 0.260 0.270 0.027 0.095
172 172 (0) 2 : 0.088 0.110 0.040 0.059 0.351 0.351
173 173 (1) 2 : 0.020 0.021 0.026 0.031 0.884 0.018
174 174 (0) 2 : 0.051 0.128 0.620 0.117 0.024 0.061
175 175 (1) 2 : 0.122 0.627 0.083 0.100 0.021 0.047
176 176 (1) 2 : 0.129 0.068 0.034 0.235 0.034 0.499
177 177 (1) 2 : 0.057 0.039 0.084 0.091 0.009 0.719
178 178 (0) 2 : 0.558 0.095 0.242 0.036 0.036 0.033
179 179 (1) 2 : 0.097 0.131 0.165 0.156 0.017 0.435
180 180 (1) 2 : 0.029 0.051 0.036 0.034 0.786 0.065
181 181 (1) 2 : 0.202 0.124 0.415 0.151 0.027 0.082
182 182 (1) 2 : 0.137 0.296 0.112 0.302 0.115 0.038
183 183 (1) 2 : 0.269 0.111 0.281 0.253 0.028 0.058
184 184 (1) 2 : 0.118 0.086 0.024 0.313 0.429 0.030
185 185 (2) 2 : 0.030 0.881 0.040 0.024 0.009 0.017
186 186 (1) 2 : 0.042 0.258 0.090 0.251 0.080 0.280
187 187 (0) 2 : 0.051 0.069 0.690 0.135 0.020 0.036
188 188 (1) 2 : 0.088 0.389 0.158 0.235 0.052 0.077
189 189 (0) 2 : 0.090 0.222 0.111 0.128 0.114 0.334
190 190 (0) 2 : 0.083 0.071 0.073 0.091 0.035 0.647
191 191 (2) 2 : 0.045 0.094 0.237 0.163 0.031 0.430
192 192 (1) 2 : 0.716 0.064 0.040 0.138 0.025 0.017
193 193 (1) 2 : 0.217 0.278 0.183 0.083 0.098 0.141
194 194 (0) 2 : 0.791 0.052 0.032 0.081 0.012 0.031
195 195 (1) 2 : 0.046 0.048 0.051 0.058 0.781 0.016
196 196 (1) 2 : 0.035 0.076 0.790 0.043 0.027 0.029
197 197 (1) 2 : 0.110 0.080 0.143 0.239 0.044 0.383
198 198 (1) 2 : 0.076 0.050 0.040 0.051 0.740 0.042
199 199 (0) 2 : 0.164 0.418 0.211 0.122 0.023 0.061
200 200 (0) 2 : 0.036 0.133 0.048 0.039 0.036 0.707
201 201 (1) 2 : 0.327 0.080 0.314 0.212 0.019 0.047
202 202 (0) 2 : 0.083 0.061 0.037 0.098 0.010 0.711
203 203 (0) 2 : 0.095 0.051 0.319 0.444 0.030 0.061
204 204 (1) 2 : 0.181 0.089 0.241 0.341 0.046 0.103
205 205 (1) 2 : 0.052 0.091 0.560 0.134 0.076 0.088
206 206 (1) 2 : 0.030 0.065 0.036 0.058 0.780 0.031
207 207 (1) 2 : 0.170 0.173 0.299 0.055 0.212 0.091
208 208 (1) 2 : 0.345 0.191 0.183 0.205 0.030 0.045
209 209 (0) 2 : 0.053 0.157 0.063 0.137 0.479 0.111
210 210 (1) 2 : 0.012 0.018 0.029 0.017 0.912 0.012
211 211 (0) 2 : 0.152 0.472 0.112 0.082 0.120 0.061
212 212 (1) 2 : 0.166 0.043 0.112 0.090 0.171 0.419
213 213 (1) 2 : 0.047 0.119 0.620 0.127 0.023 0.063
214 214 (1) 2 : 0.121 0.070 0.501 0.235 0.039 0.034
215 215 (1) 2 : 0.734 0.082 0.045 0.067 0.024 0.048
216 216 (1) 2 : 0.036 0.039 0.058 0.039 0.808 0.019
217 217 (1) 2 : 0.255 0.067 0.144 0.126 0.351 0.057
218 218 (1) 2 : 0.059 0.072 0.200 0.396 0.021 0.253
219 219 (1) 2 : 0.492 0.081 0.239 0.062 0.090 0.036
220 220 (1) 2 : 0.186 0.399 0.188 0.115 0.011 0.100
221 221 (0) 2 : 0.025 0.129 0.426 0.160 0.224 0.036
222 222 (1) 2 : 0.157 0.117 0.245 0.198 0.025 0.259
223 223 (0) 2 : 0.288 0.109 0.359 0.133 0.044 0.068
224 224 (1) 2 : 0.530 0.188 0.143 0.061 0.024 0.055
225 225 (1) 2 : 0.017 0.021 0.016 0.017 0.913 0.016
226 226 (0) 2 : 0.084 0.526 0.107 0.079 0.171 0.032
227 227 (1) 2 : 0.015 0.017 0.028 0.033 0.879 0.029
228 228 (1) 2 : 0.228 0.119 0.527 0.054 0.039 0.032
229 229 (2) 2 : 0.031 0.128 0.104 0.692 0.018 0.027
230 230 (1) 2 : 0.076 0.086 0.234 0.325 0.161 0.117
231 231 (1) 2 : 0.153 0.203 0.429 0.114 0.057 0.044
232 232 (2) 2 : 0.073 0.450 0.240 0.083 0.031 0.122
233 233 (1) 2 : 0.255 0.102 0.323 0.118 0.082 0.121
234 234 (1) 2 : 0.018 0.035 0.022 0.022 0.886 0.017
235 235 (0) 2 : 0.263 0.061 0.042 0.104 0.461 0.069
236 236 (1) 2 : 0.461 0.056 0.110 0.087 0.024 0.261
237 237 (1) 2 : 0.295 0.179 0.158 0.186 0.067 0.114
238 238 (0) 2 : 0.380 0.071 0.240 0.140 0.119 0.050
239 239 (1) 2 : 0.544 0.200 0.049 0.097 0.057 0.052
240 240 (1) 2 : 0.090 0.422 0.231 0.169 0.041 0.047
241 241 (0) 2 : 0.098 0.072 0.096 0.051 0.072 0.611
242 242 (1) 2 : 0.662 0.052 0.049 0.077 0.015 0.144
243 243 (1) 2 : 0.124 0.110 0.256 0.293 0.041 0.176
244 244 (1) 2 : 0.065 0.065 0.212 0.491 0.037 0.130
245 245 (0) 2 : 0.011 0.022 0.010 0.014 0.924 0.018
246 246 (1) 2 : 0.061 0.048 0.064 0.079 0.129 0.619
247 247 (0) 2 : 0.048 0.041 0.112 0.346 0.409 0.043
248 248 (1) 2 : 0.039 0.237 0.084 0.121 0.465 0.053
249 249 (1) 2 : 0.061 0.320 0.419 0.119 0.044 0.037
250 250 (0) 2 : 0.205 0.172 0.179 0.270 0.092 0.081
251 251 (1) 2 : 0.121 0.105 0.390 0.257 0.050 0.077
252 252 (0) 2 : 0.027 0.045 0.071 0.050 0.030 0.776
253 253 (0) 2 : 0.250 0.424 0.107 0.135 0.049 0.035
254 254 (1) 2 : 0.032 0.062 0.064 0.739 0.039 0.064
255 255 (1) 2 : 0.038 0.136 0.236 0.123 0.023 0.444
256 256 (1) 2 : 0.056 0.061 0.154 0.086 0.262 0.381
257 257 (0) 2 : 0.041 0.256 0.482 0.117 0.049 0.056
258 258 (1) 1 : 0.163 0.230 0.177 0.155 0.175 0.099
259 259 (2) 1 : 0.187 0.175 0.061 0.061 0.406 0.110
260 260 (1) 1 : 0.549 0.127 0.063 0.183 0.020 0.057
261 261 (0) 1 : 0.128 0.401 0.166 0.248 0.034 0.024
262 262 (1) 1 : 0.187 0.220 0.149 0.176 0.094 0.174
263 263 (0) 1 : 0.097 0.034 0.210 0.268 0.025 0.365
264 264 (1) 1 : 0.167 0.099 0.428 0.191 0.051 0.065
265 265 (1) 1 : 0.138 0.109 0.119 0.550 0.041 0.044
266 266 (1) 1 : 0.071 0.179 0.591 0.097 0.018 0.044
267 267 (1) 1 : 0.118 0.284 0.140 0.260 0.132 0.065
268 268 (2) 1 : 0.095 0.170 0.156 0.148 0.110 0.320
269 269 (1) 1 : 0.165 0.374 0.143 0.123 0.133 0.062
270 270 (1) 1 : 0.039 0.155 0.254 0.141 0.033 0.379
271 271 (1) 1 : 0.149 0.262 0.110 0.122 0.304 0.053
272 272 (0) 1 : 0.105 0.093 0.436 0.176 0.159 0.032
273 273 (0) 1 : 0.214 0.182 0.097 0.413 0.029 0.065
274 274 (1) 1 : 0.036 0.133 0.045 0.022 0.735 0.029
275 275 (1) 1 : 0.245 0.108 0.140 0.065 0.108 0.333
276 276 (1) 1 : 0.318 0.170 0.159 0.239 0.049 0.065
277 277 (1) 1 : 0.215 0.247 0.209 0.227 0.071 0.031
278 278 (1) 1 : 0.203 0.144 0.211 0.086 0.300 0.056
279 279 (0) 1 : 0.597 0.087 0.053 0.072 0.152 0.040
280 280 (1) 1 : 0.049 0.397 0.137 0.077 0.108 0.232
281 281 (1) 1 : 0.130 0.524 0.080 0.183 0.039 0.044
282 282 (1) 1 : 0.086 0.373 0.141 0.118 0.162 0.121
283 283 (1) 1 : 0.323 0.191 0.167 0.223 0.044 0.051
284 284 (0) 1 : 0.077 0.057 0.489 0.268 0.022 0.086
285 285 (1) 1 : 0.265 0.096 0.122 0.211 0.043 0.262
286 286 (1) 1 : 0.250 0.127 0.188 0.321 0.025 0.089
287 287 (1) 1 : 0.012 0.015 0.009 0.008 0.949 0.008
288 288 (1) 1 : 0.072 0.068 0.030 0.070 0.723 0.035
289 289 (1) 1 : 0.434 0.198 0.102 0.108 0.104 0.054
290 290 (1) 1 : 0.017 0.019 0.016 0.016 0.912 0.021
291 291 (1) 1 : 0.058 0.066 0.153 0.166 0.409 0.149
292 292 (1) 1 : 0.133 0.420 0.093 0.064 0.219 0.070
293 293 (1) 1 : 0.049 0.080 0.059 0.056 0.027 0.729
294 294 (1) 1 : 0.450 0.089 0.175 0.088 0.167 0.031
295 295 (0) 1 : 0.123 0.083 0.159 0.572 0.018 0.045
296 296 (0) 1 : 0.417 0.119 0.194 0.133 0.027 0.111
297 297 (1) 1 : 0.054 0.059 0.059 0.047 0.755 0.025
298 298 (0) 1 : 0.535 0.093 0.221 0.097 0.020 0.035
299 299 (1) 1 : 0.211 0.051 0.073 0.344 0.178 0.144
300 300 (1) 1 : 0.175 0.570 0.078 0.066 0.031 0.080
301 301 (0) 1 : 0.023 0.040 0.038 0.036 0.848 0.015
302 302 (1) 1 : 0.282 0.065 0.127 0.056 0.428 0.043
303 303 (1) 1 : 0.223 0.443 0.118 0.054 0.111 0.051
304 304 (1) 1 : 0.491 0.164 0.077 0.068 0.118 0.081
305 305 (1) 1 : 0.343 0.162 0.183 0.222 0.024 0.066
306 306 (1) 1 : 0.071 0.090 0.204 0.057 0.560 0.018
307 307 (2) 1 : 0.151 0.337 0.160 0.200 0.022 0.131
308 308 (0) 1 : 0.187 0.241 0.331 0.083 0.097 0.061
309 309 (2) 1 : 0.026 0.017 0.026 0.026 0.882 0.023
310 310 (0) 1 : 0.117 0.227 0.116 0.065 0.417 0.059
311 311 (0) 1 : 0.300 0.074 0.067 0.043 0.470 0.045
312 312 (0) 1 : 0.165 0.086 0.068 0.124 0.031 0.527
313 313 (1) 1 : 0.304 0.136 0.280 0.145 0.017 0.118
314 314 (0) 1 : 0.081 0.097 0.079 0.320 0.038 0.384
315 315 (1) 1 : 0.091 0.206 0.382 0.196 0.047 0.079
316 316 (1) 1 : 0.134 0.114 0.207 0.476 0.025 0.044
317 317 (1) 1 : 0.109 0.455 0.059 0.086 0.032 0.260
318 318 (1) 1 : 0.082 0.179 0.183 0.277 0.024 0.255
319 319 (1) 1 : 0.292 0.102 0.223 0.267 0.016 0.100
320 320 (0) 1 : 0.261 0.075 0.366 0.227 0.012 0.059
321 321 (1) 1 : 0.259 0.431 0.179 0.063 0.020 0.048
322 322 (0) 1 : 0.108 0.350 0.143 0.086 0.250 0.064
323 323 (1) 1 : 0.427 0.081 0.387 0.056 0.023 0.026
324 324 (1) 1 : 0.063 0.072 0.551 0.217 0.019 0.078
325 325 (1) 1 : 0.061 0.256 0.163 0.098 0.380 0.043
326 326 (1) 1 : 0.166 0.219 0.245 0.293 0.047 0.031
327 327 (1) 1 : 0.137 0.038 0.417 0.300 0.028 0.081
328 328 (1) 2 : 0.090 0.056 0.136 0.119 0.033 0.565
329 329 (0) 2 : 0.120 0.224 0.368 0.173 0.054 0.061
330 330 (0) 2 : 0.108 0.219 0.554 0.037 0.055 0.026
331 331 (1) 2 : 0.126 0.045 0.064 0.069 0.621 0.076
332 332 (1) 2 : 0.063 0.069 0.061 0.074 0.681 0.052
333 333 (1) 2 : 0.050 0.080 0.023 0.039 0.786 0.021
334 334 (1) 2 : 0.038 0.124 0.270 0.317 0.147 0.104
335 335 (0) 2 : 0.148 0.188 0.156 0.079 0.022 0.407
336 336 (1) 2 : 0.031 0.031 0.032 0.033 0.855 0.019
337 337 (1) 2 : 0.397 0.218 0.213 0.095 0.035 0.042
338 338 (1) 2 : 0.054 0.045 0.034 0.035 0.814 0.018
339 339 (1) 2 : 0.131 0.217 0.341 0.227 0.045 0.039
340 340 (0) 2 : 0.116 0.074 0.102 0.075 0.134 0.498
341 341 (1) 2 : 0.217 0.036 0.088 0.538 0.012 0.109
342 342 (2) 2 : 0.197 0.195 0.108 0.055 0.331 0.113
343 343 (2) 2 : 0.055 0.141 0.154 0.169 0.296 0.186
344 344 (3) 2 : 0.117 0.212 0.074 0.102 0.403 0.092
345 345 (2) 2 : 0.066 0.080 0.119 0.032 0.601 0.101
346 346 (4) 2 : 0.035 0.166 0.606 0.155 0.018 0.020
347 347 (3) 2 : 0.532 0.171 0.121 0.097 0.042 0.037
348 348 (1) 2 : 0.064 0.582 0.115 0.043 0.135 0.062
349 349 (1) 2 : 0.435 0.260 0.129 0.091 0.033 0.052
350 350 (1) 2 : 0.686 0.086 0.114 0.048 0.035 0.030
351 351 (0) 2 : 0.128 0.072 0.033 0.066 0.684 0.017
352 352 (4) 2 : 0.183 0.049 0.177 0.177 0.358 0.057
353 353 (2) 2 : 0.067 0.096 0.299 0.357 0.116 0.064
354 354 (1) 2 : 0.057 0.168 0.501 0.170 0.070 0.034
355 355 (2) 2 : 0.062 0.235 0.445 0.178 0.034 0.045
356 356 (1) 2 : 0.112 0.096 0.167 0.343 0.032 0.249
357 357 (2) 2 : 0.028 0.038 0.045 0.041 0.601 0.246
358 358 (2) 2 : 0.138 0.108 0.226 0.116 0.014 0.398
359 359 (3) 2 : 0.317 0.330 0.108 0.077 0.064 0.104
360 360 (0) 2 : 0.057 0.348 0.127 0.152 0.030 0.285
361 361 (1) 2 : 0.105 0.069 0.647 0.129 0.017 0.034
362 362 (1) 2 : 0.091 0.090 0.274 0.353 0.148 0.045
363 363 (2) 2 : 0.069 0.125 0.162 0.383 0.144 0.118
364 364 (3) 2 : 0.550 0.202 0.085 0.096 0.015 0.051
365 365 (4) 2 : 0.212 0.242 0.290 0.196 0.033 0.028
366 366 (4) 2 : 0.142 0.128 0.165 0.395 0.026 0.144
367 367 (3) 2 : 0.034 0.057 0.072 0.087 0.730 0.019
368 368 (3) 2 : 0.220 0.148 0.128 0.085 0.338 0.081
369 369 (2) 2 : 0.046 0.491 0.094 0.120 0.056 0.194
370 370 (3) 2 : 0.088 0.377 0.270 0.175 0.036 0.055
371 371 (1) 2 : 0.138 0.193 0.152 0.419 0.028 0.070
372 372 (3) 2 : 0.292 0.229 0.203 0.103 0.077 0.095
373 373 (5) 2 : 0.057 0.074 0.090 0.081 0.055 0.643
374 374 (5) 2 : 0.066 0.080 0.039 0.058 0.013 0.744
375 375 (3) 2 : 0.131 0.385 0.238 0.117 0.087 0.042
376 376 (3) 2 : 0.036 0.028 0.035 0.018 0.855 0.028
377 377 (4) 2 : 0.058 0.158 0.114 0.154 0.195 0.321
378 378 (0) 2 : 0.371 0.124 0.088 0.139 0.072 0.205
379 379 (5) 2 : 0.316 0.065 0.245 0.122 0.075 0.178
380 380 (4) 2 : 0.069 0.270 0.232 0.206 0.091 0.131
381 381 (1) 2 : 0.212 0.419 0.118 0.087 0.034 0.130
382 382 (1) 2 : 0.285 0.139 0.258 0.163 0.034 0.121
383 383 (3) 2 : 0.067 0.225 0.139 0.102 0.420 0.047
384 384 (2) 2 : 0.581 0.035 0.122 0.090 0.149 0.023
385 385 (4) 2 : 0.192 0.091 0.561 0.090 0.039 0.026
386 386 (2) 2 : 0.482 0.089 0.086 0.032 0.281 0.029
387 387 (1) 2 : 0.158 0.117 0.093 0.079 0.251 0.302
388 388 (6) 2 : 0.089 0.411 0.078 0.142 0.046 0.233
389 389 (1) 2 : 0.311 0.111 0.256 0.173 0.111 0.038
390 390 (1) 2 : 0.464 0.136 0.194 0.062 0.060 0.084
391 391 (3) 2 : 0.026 0.039 0.024 0.029 0.834 0.047
392 392 (2) 2 : 0.126 0.284 0.239 0.174 0.028 0.149
393 393 (4) 2 : 0.031 0.054 0.074 0.105 0.057 0.678
394 394 (3) 2 : 0.085 0.052 0.048 0.038 0.754 0.022
395 395 (7) 2 : 0.056 0.192 0.090 0.141 0.164 0.357
396 396 (4) 2 : 0.068 0.047 0.087 0.086 0.542 0.170
397 397 (1) 2 : 0.173 0.250 0.213 0.242 0.043 0.079
398 398 (3) 2 : 0.101 0.153 0.339 0.164 0.156 0.087
399 399 (2) 2 : 0.054 0.248 0.115 0.199 0.256 0.129
400 400 (0) 2 : 0.217 0.111 0.461 0.085 0.046 0.080
401 401 (6) 2 : 0.038 0.082 0.114 0.179 0.052 0.534
402 402 (5) 2 : 0.034 0.157 0.130 0.145 0.168 0.366
403 403 (1) 2 : 0.084 0.418 0.136 0.041 0.105 0.216
404 404 (2) 2 : 0.227 0.381 0.183 0.063 0.111 0.034
405 405 (3) 2 : 0.439 0.173 0.106 0.192 0.031 0.058
406 406 (2) 2 : 0.303 0.346 0.215 0.076 0.030 0.031
407 407 (2) 2 : 0.349 0.057 0.082 0.114 0.101 0.296
408 408 (2) 2 : 0.244 0.083 0.101 0.115 0.094 0.363
409 409 (1) 2 : 0.090 0.213 0.277 0.175 0.028 0.217
410 410 (1) 2 : 0.104 0.062 0.382 0.395 0.022 0.036
411 411 (1) 2 : 0.025 0.111 0.309 0.496 0.026 0.033
412 412 (0) 2 : 0.575 0.180 0.137 0.052 0.016 0.040
413 413 (1) 2 : 0.092 0.130 0.623 0.100 0.030 0.025
414 414 (2) 2 : 0.448 0.237 0.134 0.108 0.024 0.050
415 415 (2) 2 : 0.038 0.206 0.276 0.390 0.017 0.073
416 416 (3) 2 : 0.167 0.347 0.293 0.094 0.053 0.046
417 417 (1) 2 : 0.135 0.062 0.252 0.080 0.032 0.439
418 418 (0) 2 : 0.025 0.061 0.102 0.331 0.035 0.445
419 419 (1) 2 : 0.071 0.190 0.181 0.393 0.020 0.144
420 420 (0) 2 : 0.049 0.180 0.636 0.079 0.026 0.030
421 421 (1) 2 : 0.378 0.157 0.207 0.163 0.047 0.049
422 422 (6) 2 : 0.033 0.727 0.058 0.121 0.026 0.035
423 423 (2) 2 : 0.038 0.091 0.372 0.411 0.044 0.044
424 424 (1) 2 : 0.050 0.063 0.392 0.171 0.190 0.134
425 425 (1) 2 : 0.113 0.161 0.231 0.222 0.228 0.045
426 426 (3) 2 : 0.123 0.186 0.363 0.127 0.034 0.166
427 427 (2) 2 : 0.220 0.105 0.049 0.055 0.554 0.017
428 428 (6) 2 : 0.079 0.053 0.779 0.042 0.015 0.033
429 429 (1) 2 : 0.260 0.210 0.263 0.068 0.174 0.026
430 430 (1) 2 : 0.051 0.579 0.048 0.154 0.099 0.069
431 431 (0) 2 : 0.143 0.102 0.609 0.056 0.038 0.052
432 432 (2) 2 : 0.055 0.047 0.045 0.055 0.748 0.049
433 433 (2) 2 : 0.065 0.181 0.060 0.150 0.049 0.495
434 434 (2) 2 : 0.089 0.131 0.341 0.306 0.089 0.044
435 435 (8) 2 : 0.204 0.102 0.378 0.130 0.057 0.130
436 436 (2) 2 : 0.109 0.228 0.383 0.165 0.032 0.083
437 437 (4) 2 : 0.125 0.243 0.266 0.125 0.026 0.215
438 438 (1) 2 : 0.020 0.064 0.059 0.057 0.060 0.740
439 439 (2) 2 : 0.109 0.231 0.064 0.100 0.457 0.039
440 440 (0) 2 : 0.025 0.047 0.042 0.084 0.095 0.707
441 441 (1) 2 : 0.724 0.125 0.042 0.057 0.020 0.032
442 442 (6) 2 : 0.198 0.474 0.066 0.078 0.073 0.111
443 443 (1) 2 : 0.628 0.117 0.122 0.076 0.015 0.042
444 444 (6) 2 : 0.085 0.118 0.312 0.089 0.036 0.360
445 445 (2) 2 : 0.113 0.228 0.251 0.186 0.055 0.166
446 446 (3) 2 : 0.035 0.036 0.094 0.543 0.176 0.116
447 447 (2) 2 : 0.244 0.336 0.088 0.184 0.079 0.069
448 448 (3) 2 : 0.255 0.249 0.105 0.313 0.043 0.036
449 449 (1) 2 : 0.457 0.212 0.128 0.070 0.025 0.109
450 450 (4) 2 : 0.043 0.054 0.424 0.177 0.164 0.137
451 451 (3) 2 : 0.266 0.135 0.128 0.406 0.027 0.037
452 452 (1) 2 : 0.473 0.176 0.204 0.041 0.073 0.034
453 453 (1) 2 : 0.412 0.069 0.350 0.121 0.020 0.029
454 454 (4) 2 : 0.224 0.116 0.093 0.131 0.044 0.391
455 455 (4) 2 : 0.165 0.047 0.086 0.205 0.386 0.111
456 456 (5) 2 : 0.063 0.107 0.453 0.204 0.118 0.055
457 457 (3) 2 : 0.035 0.206 0.132 0.380 0.021 0.225
458 458 (1) 2 : 0.142 0.069 0.358 0.273 0.046 0.112
459 459 (1) 2 : 0.034 0.034 0.030 0.027 0.857 0.017
460 460 (2) 2 : 0.227 0.075 0.452 0.168 0.031 0.047
461 461 (1) 2 : 0.045 0.073 0.034 0.096 0.693 0.059
462 462 (1) 2 : 0.140 0.435 0.138 0.067 0.012 0.208
463 463 (4) 2 : 0.302 0.186 0.101 0.327 0.042 0.043
464 464 (6) 2 : 0.101 0.307 0.284 0.150 0.022 0.137
465 465 (3) 2 : 0.053 0.057 0.231 0.288 0.031 0.339
466 466 (3) 2 : 0.237 0.113 0.160 0.122 0.068 0.300
467 467 (2) 2 : 0.050 0.685 0.123 0.056 0.050 0.037
468 468 (2) 2 : 0.125 0.149 0.419 0.211 0.016 0.081
469 469 (1) 2 : 0.016 0.015 0.021 0.021 0.914 0.014
470 470 (0) 2 : 0.117 0.065 0.058 0.099 0.177 0.484
471 471 (2) 2 : 0.042 0.145 0.312 0.404 0.060 0.036
472 472 (2) 2 : 0.114 0.109 0.639 0.112 0.007 0.019
473 473 (1) 2 : 0.212 0.282 0.270 0.086 0.064 0.086
474 474 (3) 2 : 0.097 0.114 0.575 0.123 0.044 0.046
475 475 (1) 2 : 0.092 0.167 0.119 0.126 0.077 0.419
476 476 (2) 2 : 0.254 0.315 0.212 0.118 0.028 0.073
477 477 (0) 2 : 0.044 0.401 0.083 0.294 0.056 0.122
478 478 (1) 2 : 0.283 0.091 0.323 0.176 0.054 0.073
479 479 (1) 2 : 0.075 0.417 0.236 0.100 0.036 0.137
480 480 (1) 2 : 0.098 0.084 0.223 0.515 0.053 0.027
481 481 (1) 2 : 0.195 0.173 0.146 0.423 0.029 0.034
482 482 (1) 2 : 0.069 0.283 0.127 0.150 0.027 0.343
483 483 (0) 2 : 0.206 0.130 0.095 0.468 0.026 0.074
484 484 (0) 2 : 0.619 0.153 0.038 0.097 0.053 0.041
485 485 (0) 2 : 0.086 0.226 0.083 0.483 0.019 0.103
486 486 (0) 2 : 0.170 0.076 0.290 0.329 0.033 0.102
487 487 (1) 2 : 0.052 0.256 0.044 0.076 0.024 0.548
488 488 (1) 2 : 0.088 0.142 0.247 0.150 0.063 0.310
489 489 (1) 2 : 0.603 0.164 0.082 0.085 0.032 0.033
490 490 (0) 2 : 0.341 0.101 0.268 0.248 0.020 0.023
491 491 (0) 2 : 0.110 0.090 0.077 0.344 0.048 0.331
492 492 (5) 2 : 0.030 0.049 0.036 0.055 0.756 0.074
493 493 (1) 2 : 0.072 0.424 0.069 0.076 0.179 0.180
494 494 (3) 2 : 0.062 0.054 0.497 0.304 0.024 0.059
495 495 (1) 2 : 0.061 0.196 0.229 0.333 0.067 0.113
496 496 (1) 2 : 0.068 0.074 0.553 0.188 0.085 0.032
497 497 (1) 2 : 0.070 0.238 0.287 0.223 0.015 0.168
498 498 (1) 2 : 0.415 0.129 0.075 0.188 0.046 0.147
499 499 (1) 2 : 0.105 0.064 0.107 0.624 0.027 0.073
500 500 (1) 2 : 0.134 0.218 0.366 0.165 0.089 0.028
501 501 (2) 2 : 0.031 0.146 0.151 0.499 0.024 0.148
502 502 (1) 2 : 0.088 0.090 0.047 0.151 0.176 0.448
503 503 (2) 2 : 0.300 0.124 0.129 0.093 0.091 0.263
504 504 (2) 2 : 0.082 0.247 0.119 0.094 0.050 0.407
505 505 (2) 2 : 0.161 0.026 0.456 0.238 0.051 0.067
506 506 (3) 2 : 0.063 0.057 0.584 0.171 0.047 0.078
507 507 (1) 2 : 0.092 0.412 0.317 0.068 0.072 0.040
508 508 (7) 2 : 0.081 0.181 0.480 0.147 0.028 0.083
509 509 (1) 2 : 0.047 0.127 0.095 0.563 0.106 0.062
510 510 (1) 2 : 0.018 0.016 0.012 0.014 0.929 0.011
511 511 (2) 2 : 0.062 0.059 0.099 0.093 0.102 0.585
512 512 (1) 2 : 0.097 0.067 0.196 0.281 0.021 0.338
513 513 (3) 2 : 0.046 0.622 0.147 0.146 0.018 0.022
514 514 (1) 2 : 0.046 0.023 0.044 0.092 0.021 0.774
515 515 (5) 2 : 0.132 0.462 0.245 0.072 0.028 0.060
516 516 (3) 2 : 0.035 0.064 0.096 0.321 0.220 0.264
517 517 (1) 2 : 0.280 0.094 0.090 0.101 0.016 0.419
518 518 (1) 2 : 0.105 0.110 0.065 0.099 0.443 0.177
519 519 (0) 2 : 0.053 0.137 0.334 0.076 0.080 0.319
520 520 (0) 2 : 0.598 0.135 0.049 0.046 0.024 0.147
521 521 (2) 2 : 0.075 0.454 0.232 0.106 0.059 0.074
522 522 (2) 2 : 0.046 0.063 0.247 0.336 0.271 0.037
523 523 (1) 2 : 0.143 0.152 0.105 0.155 0.216 0.230
524 524 (3) 2 : 0.130 0.074 0.382 0.213 0.108 0.094
525 525 (1) 2 : 0.159 0.522 0.059 0.066 0.037 0.157
526 526 (7) 2 : 0.297 0.176 0.315 0.155 0.015 0.042
527 527 (4) 2 : 0.274 0.087 0.338 0.161 0.071 0.069
528 528 (1) 2 : 0.140 0.130 0.095 0.533 0.015 0.086
529 529 (2) 2 : 0.257 0.169 0.319 0.186 0.031 0.038
530 530 (1) 2 : 0.043 0.260 0.188 0.107 0.045 0.357
531 531 (2) 2 : 0.563 0.103 0.184 0.077 0.020 0.052
532 532 (2) 2 : 0.102 0.434 0.279 0.096 0.016 0.073
533 533 (5) 2 : 0.021 0.042 0.023 0.020 0.852 0.042
534 534 (2) 2 : 0.111 0.054 0.380 0.308 0.077 0.069
535 535 (3) 2 : 0.152 0.120 0.152 0.080 0.052 0.445
536 536 (0) 2 : 0.191 0.220 0.283 0.190 0.087 0.029
537 537 (3) 2 : 0.271 0.108 0.157 0.213 0.192 0.059
538 538 (1) 2 : 0.067 0.372 0.242 0.223 0.019 0.077
539 539 (1) 2 : 0.102 0.109 0.267 0.284 0.040 0.198
540 540 (1) 2 : 0.189 0.307 0.159 0.232 0.042 0.072
541 541 (5) 2 : 0.129 0.069 0.265 0.375 0.009 0.153
542 542 (4) 2 : 0.249 0.196 0.152 0.267 0.084 0.051
543 543 (2) 2 : 0.052 0.109 0.136 0.603 0.014 0.088
544 544 (2) 2 : 0.029 0.390 0.153 0.137 0.036 0.255
545 545 (2) 2 : 0.191 0.180 0.085 0.079 0.235 0.230
546 546 (1) 2 : 0.147 0.084 0.137 0.419 0.032 0.181
547 547 (1) 2 : 0.129 0.190 0.232 0.143 0.050 0.256
548 548 (1) 2 : 0.081 0.047 0.084 0.049 0.689 0.050
549 549 (1) 2 : 0.275 0.097 0.035 0.314 0.197 0.082
550 550 (2) 2 : 0.214 0.122 0.196 0.177 0.231 0.061
551 551 (4) 2 : 0.330 0.116 0.154 0.254 0.100 0.046
552 552 (6) 2 : 0.503 0.225 0.150 0.084 0.025 0.013
553 553 (3) 2 : 0.022 0.061 0.053 0.043 0.020 0.801
554 554 (1) 2 : 0.085 0.195 0.077 0.030 0.018 0.595
555 555 (4) 2 : 0.257 0.136 0.128 0.078 0.024 0.378
556 556 (2) 2 : 0.222 0.216 0.171 0.150 0.054 0.186
557 557 (0) 2 : 0.078 0.628 0.124 0.100 0.022 0.047
558 558 (2) 2 : 0.065 0.266 0.104 0.448 0.038 0.079
559 559 (3) 2 : 0.316 0.117 0.085 0.217 0.217 0.048
560 560 (6) 2 : 0.117 0.114 0.049 0.582 0.029 0.108
561 561 (1) 2 : 0.263 0.301 0.169 0.105 0.140 0.022
562 562 (2) 2 : 0.052 0.219 0.102 0.202 0.047 0.379
563 563 (2) 2 : 0.256 0.132 0.046 0.183 0.271 0.112
564 564 (1) 2 : 0.090 0.105 0.260 0.155 0.286 0.104
565 565 (1) 2 : 0.148 0.460 0.242 0.091 0.042 0.018
566 566 (1) 2 : 0.102 0.340 0.368 0.055 0.020 0.115
567 567 (1) 2 : 0.726 0.052 0.118 0.041 0.027 0.037
568 568 (1) 2 : 0.591 0.129 0.084 0.103 0.017 0.076
569 569 (3) 2 : 0.344 0.093 0.280 0.157 0.031 0.094
570 570 (1) 2 : 0.091 0.078 0.223 0.098 0.213 0.297
571 571 (2) 2 : 0.045 0.297 0.042 0.047 0.518 0.050
572 572 (5) 2 : 0.036 0.369 0.073 0.161 0.100 0.261
573 573 (5) 2 : 0.688 0.035 0.045 0.061 0.097 0.074
574 574 (1) 2 : 0.671 0.056 0.069 0.060 0.107 0.037
575 575 (2) 2 : 0.216 0.128 0.129 0.153 0.021 0.353
576 576 (0) 2 : 0.160 0.087 0.057 0.186 0.016 0.495
577 577 (1) 2 : 0.345 0.114 0.068 0.245 0.189 0.039
578 578 (1) 2 : 0.846 0.053 0.032 0.042 0.015 0.012
579 579 (2) 2 : 0.058 0.346 0.059 0.422 0.039 0.075
580 580 (1) 2 : 0.137 0.227 0.090 0.457 0.014 0.075
581 581 (1) 2 : 0.062 0.110 0.082 0.297 0.083 0.365
582 582 (0) 2 : 0.071 0.239 0.464 0.142 0.059 0.025
583 583 (1) 2 : 0.154 0.137 0.058 0.527 0.038 0.087
584 584 (2) 2 : 0.384 0.059 0.040 0.094 0.241 0.181
585 585 (1) 2 : 0.616 0.033 0.115 0.032 0.179 0.025
586 586 (0) 2 : 0.175 0.060 0.057 0.091 0.534 0.083
587 587 (1) 2 : 0.050 0.089 0.479 0.242 0.022 0.118
588 588 (0) 2 : 0.167 0.191 0.055 0.089 0.397 0.102
589 589 (2) 2 : 0.031 0.028 0.057 0.059 0.024 0.801
590 590 (2) 2 : 0.059 0.432 0.136 0.192 0.103 0.079
591 591 (1) 2 : 0.215 0.106 0.085 0.080 0.361 0.152
592 592 (1) 2 : 0.152 0.220 0.160 0.332 0.026 0.111
593 593 (1) 2 : 0.166 0.209 0.282 0.070 0.221 0.052
594 594 (3) 2 : 0.142 0.198 0.234 0.344 0.027 0.054
595 595 (1) 2 : 0.535 0.042 0.049 0.269 0.072 0.034
596 596 (1) 2 : 0.066 0.151 0.460 0.202 0.059 0.061
597 597 (1) 2 : 0.319 0.078 0.342 0.147 0.070 0.044
598 598 (1) 2 : 0.126 0.121 0.101 0.051 0.541 0.061
599 599 (1) 2 : 0.176 0.058 0.111 0.313 0.058 0.284
600 600 (2) 2 : 0.055 0.114 0.093 0.625 0.029 0.085
601 601 (7) 2 : 0.086 0.215 0.037 0.200 0.012 0.450
602 602 (3) 2 : 0.055 0.065 0.731 0.064 0.055 0.031
603 603 (1) 2 : 0.188 0.094 0.212 0.161 0.035 0.310
604 604 (1) 2 : 0.496 0.066 0.096 0.091 0.033 0.219
605 605 (1) 2 : 0.109 0.068 0.156 0.295 0.027 0.346
606 606 (1) 2 : 0.419 0.048 0.086 0.050 0.367 0.030
607 607 (1) 2 : 0.046 0.036 0.471 0.364 0.029 0.056
608 608 (1) 2 : 0.107 0.073 0.334 0.308 0.034 0.144
609 609 (1) 2 : 0.028 0.040 0.024 0.034 0.029 0.845
610 610 (1) 2 : 0.046 0.090 0.207 0.434 0.120 0.104
611 611 (1) 2 : 0.071 0.098 0.250 0.444 0.043 0.095
612 612 (1) 2 : 0.543 0.063 0.145 0.098 0.086 0.065
613 613 (2) 2 : 0.090 0.082 0.082 0.142 0.533 0.069
614 614 (1) 2 : 0.048 0.177 0.068 0.116 0.184 0.407
615 615 (1) 2 : 0.258 0.257 0.297 0.110 0.024 0.053
616 616 (1) 2 : 0.079 0.115 0.648 0.086 0.023 0.049
617 617 (1) 2 : 0.080 0.139 0.366 0.189 0.020 0.206
618 618 (0) 2 : 0.357 0.168 0.209 0.134 0.103 0.028
619 619 (1) 2 : 0.631 0.120 0.100 0.041 0.062 0.046
620 620 (1) 2 : 0.203 0.052 0.198 0.254 0.220 0.072
621 621 (1) 2 : 0.100 0.093 0.203 0.208 0.137 0.260
622 622 (1) 2 : 0.038 0.562 0.213 0.051 0.009 0.127
623 623 (1) 2 : 0.459 0.126 0.052 0.116 0.214 0.033
624 624 (0) 2 : 0.219 0.430 0.089 0.109 0.056 0.097
625 625 (0) 2 : 0.743 0.038 0.092 0.092 0.020 0.015
626 626 (1) 2 : 0.062 0.101 0.676 0.070 0.014 0.077
627 627 (1) 2 : 0.150 0.359 0.326 0.094 0.020 0.052
628 628 (1) 2 : 0.116 0.094 0.147 0.126 0.483 0.035
629 629 (1) 2 : 0.025 0.019 0.034 0.023 0.887 0.013
630 630 (2) 2 : 0.786 0.039 0.036 0.058 0.053 0.028
631 631 (5) 2 : 0.139 0.065 0.048 0.084 0.238 0.427
632 632 (2) 2 : 0.185 0.139 0.289 0.224 0.044 0.119
633 633 (1) 2 : 0.254 0.132 0.189 0.138 0.268 0.020
634 634 (4) 2 : 0.396 0.097 0.148 0.105 0.017 0.237
635 635 (1) 2 : 0.714 0.081 0.080 0.099 0.012 0.014
636 636 (0) 2 : 0.424 0.123 0.168 0.172 0.042 0.072
637 637 (1) 2 : 0.039 0.050 0.023 0.041 0.021 0.825
638 638 (0) 2 : 0.500 0.089 0.181 0.092 0.099 0.038
639 639 (0) 2 : 0.135 0.268 0.062 0.253 0.045 0.235
640 640 (1) 2 : 0.037 0.027 0.447 0.386 0.072 0.031
641 641 (1) 2 : 0.240 0.089 0.178 0.268 0.083 0.141
642 642 (1) 2 : 0.131 0.136 0.191 0.179 0.278 0.084
643 643 (1) 2 : 0.578 0.239 0.076 0.069 0.012 0.026
644 644 (1) 2 : 0.388 0.136 0.220 0.206 0.022 0.029
645 645 (0) 2 : 0.311 0.128 0.125 0.199 0.193 0.045
646 646 (1) 3 : 0.082 0.353 0.366 0.057 0.043 0.100
647 647 (1) 2 : 0.538 0.105 0.091 0.122 0.063 0.081
648 648 (0) 3 : 0.172 0.092 0.538 0.127 0.016 0.055
649 649 (1) 3 : 0.724 0.070 0.075 0.105 0.011 0.015
650 650 (1) 3 : 0.576 0.131 0.097 0.099 0.073 0.024
651 651 (1) 2 : 0.362 0.205 0.084 0.164 0.029 0.155
652 652 (0) 3 : 0.427 0.219 0.077 0.194 0.028 0.055
653 653 (2) 4 : 0.274 0.129 0.075 0.076 0.036 0.411
654 654 (0) 2 : 0.771 0.052 0.052 0.033 0.019 0.073
655 655 (1) 4 : 0.073 0.086 0.147 0.272 0.107 0.316
656 656 (1) 4 : 0.032 0.085 0.080 0.091 0.023 0.688
657 657 (1) 4 : 0.018 0.040 0.026 0.034 0.016 0.867
658 658 (0) 4 : 0.021 0.024 0.021 0.036 0.036 0.863
659 659 (0) 4 : 0.027 0.019 0.026 0.025 0.013 0.890
660 660 (3) 3 : 0.144 0.308 0.363 0.071 0.097 0.017
661 661 (1) 2 : 0.293 0.114 0.278 0.098 0.046 0.171
662 662 (1) 3 : 0.169 0.524 0.103 0.121 0.034 0.049
663 663 (1) 3 : 0.548 0.189 0.111 0.073 0.032 0.046
664 664 (1) 3 : 0.047 0.365 0.333 0.165 0.040 0.050
665 665 (1) 3 : 0.599 0.070 0.179 0.056 0.068 0.028
666 666 (0) 2 : 0.061 0.159 0.057 0.046 0.563 0.113
667 667 (1) 3 : 0.806 0.035 0.043 0.057 0.034 0.026
668 668 (1) 4 : 0.094 0.114 0.137 0.140 0.240 0.275
669 669 (0) 4 : 0.023 0.018 0.018 0.038 0.018 0.884
670 670 (1) 4 : 0.022 0.102 0.090 0.063 0.011 0.711
671 671 (1) 4 : 0.161 0.087 0.046 0.097 0.036 0.573
672 672 (1) 4 : 0.046 0.074 0.067 0.192 0.030 0.591
673 673 (0) 4 : 0.100 0.101 0.195 0.201 0.029 0.374
674 674 (2) 3 : 0.231 0.326 0.145 0.189 0.022 0.087
675 675 (5) 3 : 0.219 0.118 0.323 0.240 0.041 0.058
676 676 (0) 3 : 0.264 0.108 0.094 0.410 0.015 0.110
677 677 (3) 3 : 0.271 0.151 0.227 0.161 0.154 0.037
678 678 (0) 3 : 0.194 0.454 0.179 0.055 0.038 0.080
679 679 (2) 2 : 0.197 0.071 0.261 0.208 0.180 0.084
680 680 (0) 3 : 0.084 0.556 0.118 0.078 0.108 0.056
681 681 (2) 4 : 0.080 0.107 0.052 0.228 0.093 0.440
682 682 (0) 2 : 0.062 0.088 0.172 0.102 0.091 0.486
683 683 (2) 4 : 0.077 0.481 0.056 0.085 0.024 0.277
684 684 (1) 4 : 0.020 0.020 0.013 0.030 0.055 0.862
685 685 (1) 4 : 0.033 0.072 0.029 0.085 0.025 0.757
686 686 (0) 4 : 0.025 0.030 0.024 0.037 0.016 0.869
687 687 (1) 3 : 0.069 0.105 0.572 0.146 0.037 0.071
688 688 (2) 3 : 0.453 0.099 0.145 0.251 0.016 0.037
689 689 (1) 3 : 0.046 0.445 0.305 0.109 0.036 0.059
690 690 (1) 3 : 0.109 0.114 0.328 0.395 0.033 0.021
691 691 (1) 2 : 0.089 0.082 0.084 0.201 0.056 0.488
692 692 (0) 3 : 0.231 0.451 0.157 0.065 0.033 0.062
693 693 (0) 2 : 0.042 0.611 0.134 0.107 0.046 0.061
694 694 (1) 4 : 0.056 0.377 0.077 0.407 0.023 0.061
695 695 (0) 4 : 0.027 0.023 0.026 0.860 0.010 0.053
696 696 (1) 4 : 0.024 0.117 0.192 0.144 0.117 0.406
697 697 (0) 4 : 0.023 0.037 0.028 0.037 0.025 0.850
698 698 (1) 4 : 0.032 0.103 0.034 0.049 0.031 0.752
699 699 (6) 3 : 0.106 0.171 0.324 0.262 0.060 0.076
700 700 (1) 2 : 0.247 0.146 0.168 0.101 0.228 0.110
701 701 (3) 3 : 0.258 0.142 0.259 0.193 0.037 0.111
702 702 (1) 3 : 0.295 0.138 0.246 0.226 0.025 0.070
703 703 (3) 3 : 0.437 0.108 0.228 0.102 0.082 0.042
704 704 (1) 3 : 0.539 0.121 0.160 0.109 0.033 0.038
705 705 (1) 2 : 0.363 0.258 0.123 0.133 0.097 0.025
706 706 (0) 3 : 0.454 0.248 0.117 0.111 0.033 0.036
707 707 (1) 2 : 0.068 0.025 0.048 0.029 0.804 0.027
708 708 (2) 4 : 0.035 0.037 0.023 0.047 0.013 0.845
709 709 (1) 2 : 0.020 0.045 0.071 0.050 0.760 0.054
710 710 (1) 4 : 0.140 0.130 0.153 0.152 0.029 0.396
711 711 (2) 4 : 0.024 0.112 0.059 0.043 0.031 0.730
712 712 (1) 4 : 0.039 0.055 0.048 0.064 0.049 0.744
713 713 (0) 4 : 0.022 0.025 0.020 0.035 0.014 0.883
714 714 (1) 3 : 0.067 0.140 0.203 0.337 0.058 0.195
715 715 (1) 2 : 0.521 0.123 0.078 0.053 0.020 0.204
716 716 (3) 3 : 0.080 0.237 0.564 0.070 0.023 0.026
717 717 (0) 3 : 0.298 0.336 0.121 0.083 0.044 0.118
718 718 (4) 3 : 0.109 0.323 0.251 0.255 0.033 0.029
719 719 (1) 3 : 0.189 0.244 0.206 0.180 0.066 0.115
720 720 (1) 2 : 0.101 0.081 0.146 0.553 0.085 0.035
721 721 (1) 2 : 0.188 0.090 0.324 0.111 0.087 0.200
722 722 (1) 4 : 0.052 0.296 0.036 0.078 0.046 0.492
723 723 (0) 4 : 0.040 0.031 0.025 0.070 0.036 0.799
724 724 (0) 4 : 0.014 0.013 0.019 0.901 0.007 0.045
725 725 (2) 4 : 0.033 0.048 0.027 0.043 0.017 0.831
726 726 (1) 4 : 0.017 0.023 0.031 0.058 0.010 0.861
727 727 (2) 2 : 0.616 0.221 0.040 0.060 0.016 0.046
728 728 (3) 3 : 0.068 0.123 0.577 0.179 0.025 0.027
729 729 (1) 3 : 0.295 0.240 0.128 0.199 0.068 0.069
730 730 (2) 3 : 0.066 0.320 0.193 0.214 0.053 0.153
731 731 (1) 3 : 0.803 0.037 0.050 0.047 0.043 0.020
732 732 (1) 4 : 0.101 0.042 0.101 0.131 0.121 0.504
733 733 (1) 4 : 0.083 0.022 0.024 0.030 0.024 0.817
734 734 (1) 4 : 0.031 0.029 0.036 0.062 0.016 0.826
735 735 (2) 4 : 0.107 0.037 0.025 0.048 0.020 0.763
736 736 (1) 4 : 0.017 0.036 0.020 0.830 0.010 0.088
737 737 (0) 2 : 0.056 0.104 0.110 0.140 0.421 0.170
738 738 (0) 3 : 0.201 0.050 0.598 0.082 0.025 0.045
739 739 (1) 3 : 0.072 0.374 0.279 0.148 0.028 0.099
740 740 (1) 3 : 0.102 0.493 0.161 0.141 0.035 0.067
741 741 (1) 2 : 0.214 0.072 0.085 0.263 0.127 0.239
742 742 (1) 2 : 0.295 0.130 0.211 0.262 0.023 0.079
743 743 (0) 4 : 0.070 0.095 0.126 0.361 0.024 0.324
744 744 (0) 4 : 0.017 0.019 0.032 0.028 0.026 0.877
745 745 (0) 4 : 0.014 0.018 0.013 0.893 0.007 0.056
746 746 (0) 4 : 0.254 0.096 0.051 0.121 0.011 0.468
747 747 (1) 4 : 0.037 0.028 0.036 0.054 0.019 0.828
748 748 (1) 2 : 0.130 0.038 0.104 0.116 0.552 0.059
749 749 (1) 2 : 0.355 0.069 0.075 0.046 0.374 0.082
750 750 (0) 2 : 0.065 0.106 0.045 0.217 0.050 0.517
751 751 (1) 2 : 0.020 0.024 0.051 0.025 0.825 0.055
752 752 (1) 2 : 0.024 0.409 0.056 0.348 0.027 0.136
753 753 (1) 2 : 0.612 0.089 0.099 0.093 0.061 0.045
754 754 (0) 2 : 0.053 0.298 0.132 0.143 0.048 0.326
755 755 (1) 2 : 0.308 0.088 0.360 0.133 0.087 0.024
756 756 (0) 2 : 0.025 0.027 0.024 0.022 0.872 0.030
757 757 (1) 2 : 0.025 0.041 0.040 0.105 0.684 0.104
758 758 (2) 2 : 0.056 0.032 0.050 0.035 0.805 0.021
759 759 (0) 2 : 0.509 0.167 0.153 0.058 0.062 0.052
760 760 (1) 2 : 0.187 0.127 0.398 0.130 0.046 0.111
761 761 (2) 2 : 0.204 0.247 0.235 0.104 0.026 0.184
762 762 (0) 2 : 0.351 0.128 0.191 0.218 0.079 0.034
763 763 (1) 2 : 0.052 0.127 0.135 0.142 0.432 0.112
764 764 (1) 2 : 0.069 0.202 0.130 0.137 0.318 0.144
765 765 (1) 2 : 0.135 0.173 0.178 0.233 0.093 0.188
766 766 (3) 2 : 0.108 0.109 0.049 0.138 0.431 0.165
767 767 (1) 2 : 0.422 0.344 0.060 0.084 0.026 0.064
768 768 (1) 2 : 0.026 0.025 0.025 0.040 0.869 0.016
769 769 (1) 2 : 0.197 0.637 0.065 0.049 0.028 0.024
770 770 (1) 2 : 0.608 0.308 0.029 0.021 0.023 0.012
771 771 (0) 2 : 0.131 0.128 0.436 0.164 0.085 0.056
772 772 (0) 2 : 0.295 0.084 0.253 0.204 0.057 0.106
773 773 (1) 2 : 0.128 0.058 0.077 0.147 0.066 0.524
774 774 (1) 2 : 0.315 0.154 0.128 0.214 0.128 0.062
775 775 (1) 2 : 0.094 0.382 0.139 0.148 0.192 0.045
776 776 (0) 2 : 0.291 0.055 0.244 0.342 0.012 0.056
777 777 (1) 2 : 0.082 0.198 0.081 0.308 0.025 0.306
778 778 (1) 2 : 0.141 0.125 0.158 0.450 0.027 0.099
779 779 (6) 2 : 0.017 0.023 0.035 0.024 0.882 0.019
780 780 (2) 2 : 0.040 0.046 0.668 0.162 0.024 0.060
781 781 (1) 2 : 0.162 0.435 0.055 0.143 0.067 0.138
782 782 (1) 2 : 0.084 0.103 0.078 0.118 0.019 0.597
783 783 (1) 2 : 0.631 0.056 0.075 0.110 0.092 0.036
784 784 (1) 2 : 0.144 0.139 0.204 0.040 0.268 0.204
785 785 (1) 2 : 0.050 0.210 0.133 0.097 0.371 0.138
786 786 (2) 2 : 0.414 0.271 0.058 0.205 0.023 0.030
787 787 (0) 2 : 0.338 0.169 0.341 0.029 0.096 0.027
788 788 (1) 2 : 0.135 0.478 0.184 0.090 0.018 0.094
789 789 (1) 2 : 0.138 0.114 0.077 0.250 0.033 0.388
790 790 (1) 2 : 0.281 0.089 0.154 0.073 0.364 0.040
791 791 (1) 2 : 0.016 0.016 0.018 0.023 0.909 0.017
792 792 (2) 2 : 0.582 0.140 0.098 0.093 0.015 0.071
793 793 (1) 2 : 0.039 0.068 0.099 0.123 0.020 0.651
794 794 (0) 2 : 0.028 0.048 0.044 0.295 0.021 0.564
795 795 (1) 2 : 0.025 0.030 0.037 0.038 0.832 0.037
796 796 (0) 2 : 0.257 0.219 0.175 0.141 0.050 0.158
797 797 (0) 2 : 0.082 0.041 0.483 0.242 0.093 0.059
798 798 (0) 2 : 0.070 0.053 0.036 0.044 0.053 0.744
799 799 (1) 2 : 0.041 0.040 0.067 0.232 0.505 0.115
800 800 (1) 2 : 0.169 0.074 0.212 0.065 0.454 0.027
801 801 (1) 2 : 0.035 0.048 0.045 0.028 0.802 0.042
802 802 (1) 2 : 0.038 0.139 0.155 0.109 0.033 0.526
803 803 (2) 2 : 0.035 0.052 0.044 0.059 0.019 0.791
804 804 (1) 2 : 0.177 0.149 0.309 0.299 0.023 0.044
805 805 (1) 2 : 0.493 0.158 0.230 0.038 0.041 0.041
806 806 (0) 2 : 0.370 0.308 0.187 0.069 0.036 0.030
807 807 (1) 2 : 0.128 0.350 0.148 0.084 0.222 0.068
808 808 (1) 2 : 0.045 0.045 0.041 0.081 0.768 0.019
809 809 (2) 2 : 0.406 0.181 0.057 0.054 0.276 0.027
810 810 (1) 2 : 0.026 0.027 0.024 0.041 0.847 0.034
811 811 (1) 2 : 0.025 0.020 0.031 0.017 0.889 0.018
812 812 (0) 2 : 0.281 0.310 0.118 0.146 0.069 0.076
813 813 (1) 2 : 0.029 0.042 0.048 0.041 0.786 0.055
814 814 (1) 2 : 0.016 0.021 0.025 0.027 0.861 0.049
815 815 (0) 2 : 0.151 0.079 0.214 0.440 0.036 0.080
816 816 (0) 2 : 0.025 0.157 0.074 0.322 0.145 0.276
817 817 (1) 2 : 0.037 0.082 0.671 0.072 0.091 0.048
818 818 (2) 2 : 0.021 0.040 0.045 0.050 0.776 0.068
819 819 (1) 2 : 0.018 0.040 0.044 0.078 0.255 0.565
820 820 (0) 2 : 0.058 0.253 0.436 0.065 0.139 0.049
821 821 (1) 2 : 0.021 0.019 0.041 0.024 0.883 0.012
822 822 (2) 2 : 0.195 0.176 0.301 0.175 0.113 0.039
823 823 (1) 2 : 0.119 0.130 0.132 0.077 0.509 0.034
824 824 (1) 2 : 0.039 0.043 0.096 0.080 0.686 0.054
825 825 (1) 2 : 0.232 0.171 0.266 0.289 0.008 0.033
826 826 (1) 2 : 0.056 0.056 0.056 0.036 0.768 0.028
827 827 (0) 2 : 0.062 0.157 0.148 0.447 0.067 0.119
828 828 (1) 2 : 0.183 0.304 0.244 0.149 0.024 0.097
829 829 (1) 2 : 0.067 0.037 0.217 0.147 0.419 0.112
830 830 (1) 2 : 0.584 0.129 0.092 0.129 0.022 0.044
831 831 (1) 2 : 0.031 0.023 0.041 0.047 0.760 0.098
832 832 (1) 2 : 0.078 0.211 0.255 0.355 0.030 0.072
833 833 (1) 2 : 0.411 0.118 0.138 0.232 0.020 0.081
834 834 (0) 2 : 0.603 0.081 0.108 0.063 0.039 0.105
835 835 (1) 2 : 0.046 0.057 0.216 0.125 0.352 0.204
836 836 (0) 2 : 0.031 0.134 0.063 0.089 0.565 0.118
837 837 (1) 2 : 0.327 0.102 0.141 0.151 0.169 0.110
838 838 (1) 2 : 0.033 0.103 0.031 0.078 0.029 0.727
839 839 (1) 2 : 0.105 0.714 0.035 0.078 0.015 0.053
840 840 (0) 2 : 0.292 0.183 0.163 0.238 0.085 0.039
841 841 (5) 2 : 0.011 0.716 0.024 0.034 0.202 0.013
842 842 (1) 2 : 0.020 0.026 0.032 0.039 0.865 0.019
843 843 (2) 2 : 0.023 0.024 0.025 0.013 0.888 0.027
844 844 (1) 2 : 0.077 0.048 0.244 0.216 0.336 0.079
845 845 (1) 2 : 0.206 0.341 0.105 0.224 0.046 0.077
846 846 (0) 2 : 0.147 0.375 0.082 0.285 0.049 0.062
847 847 (0) 2 : 0.038 0.043 0.602 0.258 0.024 0.035
848 848 (1) 2 : 0.019 0.030 0.030 0.025 0.884 0.012
849 849 (1) 2 : 0.209 0.116 0.086 0.086 0.026 0.476
850 850 (1) 2 : 0.380 0.124 0.161 0.214 0.036 0.086
851 851 (1) 2 : 0.157 0.483 0.156 0.094 0.051 0.060
852 852 (1) 2 : 0.087 0.053 0.126 0.197 0.352 0.185
853 853 (1) 2 : 0.048 0.078 0.068 0.235 0.505 0.066
854 854 (0) 2 : 0.052 0.051 0.107 0.170 0.458 0.163
855 855 (1) 2 : 0.426 0.132 0.169 0.193 0.037 0.045
856 856 (5) 2 : 0.051 0.659 0.113 0.057 0.068 0.052
857 857 (1) 2 : 0.067 0.575 0.250 0.053 0.026 0.030
858 858 (0) 2 : 0.051 0.593 0.043 0.138 0.025 0.150
859 859 (0) 2 : 0.077 0.039 0.034 0.046 0.749 0.054
860 860 (1) 2 : 0.031 0.020 0.027 0.021 0.885 0.015
861 861 (1) 2 : 0.030 0.025 0.025 0.025 0.847 0.048
862 862 (1) 2 : 0.037 0.150 0.142 0.250 0.069 0.351
863 863 (0) 2 : 0.023 0.030 0.027 0.037 0.842 0.042
864 864 (4) 2 : 0.072 0.062 0.052 0.045 0.691 0.078
865 865 (1) 2 : 0.024 0.056 0.028 0.151 0.036 0.705
866 866 (1) 2 : 0.672 0.107 0.058 0.027 0.114 0.021
867 867 (1) 2 : 0.109 0.215 0.087 0.149 0.029 0.412
868 868 (0) 2 : 0.124 0.085 0.338 0.365 0.025 0.063
869 869 (1) 2 : 0.114 0.089 0.136 0.231 0.036 0.394
870 870 (1) 2 : 0.042 0.030 0.046 0.085 0.749 0.048
871 871 (1) 2 : 0.020 0.074 0.036 0.049 0.067 0.755
872 872 (1) 2 : 0.037 0.126 0.227 0.186 0.093 0.331
873 873 (1) 2 : 0.025 0.036 0.031 0.023 0.862 0.023
874 874 (1) 2 : 0.461 0.128 0.173 0.160 0.038 0.041
875 875 (1) 2 : 0.068 0.116 0.096 0.464 0.077 0.179
876 876 (1) 2 : 0.059 0.053 0.177 0.132 0.051 0.527
877 877 (1) 2 : 0.048 0.074 0.272 0.169 0.409 0.028
878 878 (0) 2 : 0.104 0.155 0.401 0.128 0.140 0.072
879 879 (2) 2 : 0.021 0.016 0.016 0.012 0.921 0.013
880 880 (1) 2 : 0.119 0.074 0.108 0.336 0.211 0.152
881 881 (2) 2 : 0.035 0.106 0.057 0.118 0.652 0.031
882 882 (1) 2 : 0.107 0.125 0.375 0.163 0.042 0.188
