1.0000 0.9513 0.9360 0.9566 0.9375 0.9511 0.9439 0.9336 0.8947 0.9218
0.9513 1.0000 0.9401 0.9548 0.9524 0.9567 0.9508 0.9228 0.8994 0.9274
0.9360 0.9401 1.0000 0.9392 0.9356 0.9462 0.9479 0.9473 0.9155 0.9324
0.9566 0.9548 0.9392 1.0000 0.9439 0.9562 0.9547 0.9350 0.8962 0.9251
0.9375 0.9524 0.9356 0.9439 1.0000 0.9512 0.9522 0.9170 0.9102 0.9396
0.9511 0.9567 0.9462 0.9562 0.9512 1.0000 0.9555 0.9368 0.9036 0.9322
0.9439 0.9508 0.9479 0.9547 0.9522 0.9555 1.0000 0.9395 0.9121 0.9382
0.9336 0.9228 0.9473 0.9350 0.9170 0.9368 0.9395 1.0000 0.9016 0.9167
0.8947 0.8994 0.9155 0.8962 0.9102 0.9036 0.9121 0.9016 1.0000 0.9057
0.9218 0.9274 0.9324 0.9251 0.9396 0.9322 0.9382 0.9167 0.9057 1.0000
