1.0000 0.9515 0.9408 0.9598 0.9546 0.9525 0.9272 0.9487 0.9617 0.9305
0.9515 1.0000 0.9176 0.9629 0.9568 0.9614 0.9320 0.9571 0.9448 0.9039
0.9408 0.9176 1.0000 0.9324 0.9262 0.9182 0.9071 0.9212 0.9396 0.9599
0.9598 0.9629 0.9324 1.0000 0.9638 0.9593 0.9396 0.9621 0.9505 0.9196
0.9546 0.9568 0.9262 0.9638 1.0000 0.9632 0.9497 0.9666 0.9549 0.9151
0.9525 0.9614 0.9182 0.9593 0.9632 1.0000 0.9464 0.9601 0.9467 0.9059
0.9272 0.9320 0.9071 0.9396 0.9497 0.9464 1.0000 0.9493 0.9294 0.8994
0.9487 0.9571 0.9212 0.9621 0.9666 0.9601 0.9493 1.0000 0.9503 0.9076
0.9617 0.9448 0.9396 0.9505 0.9549 0.9467 0.9294 0.9503 1.0000 0.9273
0.9305 0.9039 0.9599 0.9196 0.9151 0.9059 0.8994 0.9076 0.9273 1.0000
