Conversion of an object of class 'genind' into a GENEPOP file with the package 'graph4lg'           
Chr28_11625241, Chr28_11658853, Chr28_11667578, Chr28_11671116, Chr28_11676622, Chr28_11683204, Chr28_11702210, Omy_GREB1_05, Omy_RAD15709-53, Omy_RAD47080-54, Omy_RAD52458-17 
Pop           
halfpounder_OmyJC18ROGR_0101, 13 12 24 24 34 34 34 44 13 13 22
halfpounder_OmyJC18ROGR_0102, 13 12 24 24 34 34 34 34 13 11 000000
halfpounder_OmyJC18ROGR_0103, 33 22 24 24 33 34 34 34 13 11 12
halfpounder_OmyJC18ROGR_0104, 33 22 22 000000 33 44 33 34 33 33 12
halfpounder_OmyJC18ROGR_0105, 13 12 24 24 34 34 34 34 13 000000 000000
halfpounder_OmyJC18ROGR_0106, 13 12 24 24 34 44 33 34 13 11 000000
halfpounder_OmyJC18ROGR_0107, 33 22 24 44 34 33 44 34 13 11 12
halfpounder_OmyJC18ROGR_0108, 33 22 24 44 34 34 34 44 13 13 22
halfpounder_OmyJC18ROGR_0109, 33 22 22 44 33 44 33 44 33 33 22
halfpounder_OmyJC18ROGR_0110, 33 22 22 44 33 44 33 33 33 33 11
halfpounder_OmyJC18ROGR_0111, 33 22 24 44 34 33 44 33 13 11 11
halfpounder_OmyJC18ROGR_0112, 33 22 22 44 33 44 33 34 33 33 12
halfpounder_OmyJC18ROGR_0113, 13 12 24 000000 34 34 34 44 13 13 22
halfpounder_OmyJC18ROGR_0114, 33 22 24 000000 33 34 34 34 13 11 12
halfpounder_OmyJC18ROGR_0115, 33 22 24 000000 44 34 34 34 13 13 22
halfpounder_OmyJC18ROGR_0116, 11 11 44 000000 44 33 44 44 11 11 22
halfpounder_OmyJC18ROGR_0117, 33 22 22 44 33 44 33 34 33 33 22
halfpounder_OmyJC18ROGR_0118, 33 22 22 44 33 44 33 33 33 33 11
halfpounder_OmyJC18ROGR_0119, 11 11 44 000000 44 33 44 44 11 11 22
halfpounder_OmyJC18ROGR_0120, 11 11 44 22 44 33 44 44 11 11 22
halfpounder_OmyJC18ROGR_0121, 13 12 24 24 34 34 34 34 13 11 000000
halfpounder_OmyJC18ROGR_0122, 33 22 22 44 33 44 33 34 33 33 12
halfpounder_OmyJC18ROGR_0123, 11 11 44 22 44 33 44 44 11 11 22
halfpounder_OmyJC18ROGR_0124, 13 12 24 24 34 34 34 34 13 11 000000
halfpounder_OmyJC18ROGR_0125, 000000 22 44 24 34 33 44 44 11 11 22
halfpounder_OmyJC18ROGR_0126, 33 22 22 44 33 44 33 33 33 33 11
halfpounder_OmyJC18ROGR_0127, 11 11 44 22 44 33 44 44 11 11 22
halfpounder_OmyJC18ROGR_0128, 33 22 22 44 33 44 33 33 33 33 12
halfpounder_OmyJC18ROGR_0129, 33 22 22 000000 33 44 33 44 33 33 22
halfpounder_OmyJC18ROGR_0130, 33 22 22 44 33 44 33 33 33 33 11
halfpounder_OmyJC18ROGR_0131, 33 22 24 24 33 33 44 33 13 11 11
halfpounder_OmyJC18ROGR_0132, 11 12 44 22 34 33 44 44 11 11 22
halfpounder_OmyJC18ROGR_0133, 13 12 24 24 34 33 44 34 13 11 000000
halfpounder_OmyJC18ROGR_0135, 13 12 24 000000 34 34 34 34 13 11 000000
halfpounder_OmyJC18ROGR_0136, 33 22 22 44 33 44 33 34 33 33 22
halfpounder_OmyJC18ROGR_0137, 11 12 44 000000 44 33 44 44 11 11 22
halfpounder_OmyJC18ROGR_0139, 11 11 44 22 44 33 44 44 11 11 22
halfpounder_OmyJC18ROGR_0140, 33 22 22 44 33 44 33 33 33 33 11
halfpounder_OmyJC18ROGR_0141, 13 12 24 24 34 33 44 34 13 000000 000000
halfpounder_OmyJC18ROGR_0142, 13 12 24 22 44 34 34 34 13 13 22
halfpounder_OmyJC18ROGR_0143, 33 22 22 44 000000 44 33 33 33 000000 11
halfpounder_OmyJC18ROGR_0144, 13 12 24 24 000000 34 34 34 13 13 000000
halfpounder_OmyJC18ROGR_0145, 33 22 24 44 34 34 34 34 13 13 12
halfpounder_OmyJC18ROGR_0146, 13 12 24 000000 000000 34 34 34 13 11 22
halfpounder_OmyJC18ROGR_0147, 11 12 44 000000 34 33 44 44 11 11 22
halfpounder_OmyJC18ROGR_0148, 33 22 22 44 33 44 33 44 33 33 22
halfpounder_OmyJC18ROGR_0149, 33 22 24 44 34 34 34 34 13 13 12
halfpounder_OmyJC18ROGR_0150, 33 22 22 44 33 34 34 34 33 33 12
halfpounder_OmyJC18ROGR_0151, 13 12 24 000000 34 34 34 44 13 13 22
halfpounder_OmyJC18ROGR_0152, 33 22 22 000000 33 44 33 34 33 33 22
halfpounder_OmyJC18ROGR_0201, 33 22 22 44 33 44 33 34 33 33 22
halfpounder_OmyJC18ROGR_0202, 33 22 22 44 33 44 33 33 33 33 11
halfpounder_OmyJC18ROGR_0203, 33 22 22 44 33 44 33 34 33 33 12
halfpounder_OmyJC18ROGR_0204, 13 12 24 24 34 34 34 34 13 11 000000
halfpounder_OmyJC18ROGR_0205, 33 22 22 000000 33 44 33 33 33 33 12
halfpounder_OmyJC18ROGR_0206, 11 11 44 22 44 33 44 44 11 11 22
halfpounder_OmyJC18ROGR_0207, 33 22 22 000000 33 44 33 34 33 33 11
halfpounder_OmyJC18ROGR_0208, 11 12 44 000000 34 33 44 44 11 11 22
halfpounder_OmyJC18ROGR_0209, 33 22 24 000000 33 34 34 44 13 13 22
halfpounder_OmyJC18ROGR_0210, 33 22 22 44 33 44 33 33 33 33 11
halfpounder_OmyJC18ROGR_0211, 33 22 22 44 33 44 33 34 33 33 12
halfpounder_OmyJC18ROGR_0212, 33 22 24 24 33 34 34 44 13 13 22
halfpounder_OmyJC18ROGR_0213, 33 22 22 44 33 44 33 34 33 33 22
halfpounder_OmyJC18ROGR_0214, 11 11 44 22 44 33 44 44 11 11 22
halfpounder_OmyJC18ROGR_0215, 33 22 22 000000 33 44 33 34 33 33 12
halfpounder_OmyJC18ROGR_0216, 33 22 22 44 33 44 33 33 33 33 11
halfpounder_OmyJC18ROGR_0217, 11 12 24 22 34 34 34 44 13 13 22
halfpounder_OmyJC18ROGR_0218, 13 12 24 24 34 34 34 34 13 000000 000000
halfpounder_OmyJC18ROGR_0219, 33 22 24 000000 34 34 34 34 13 13 22
halfpounder_OmyJC18ROGR_0220, 33 22 22 44 33 44 33 34 33 33 12
halfpounder_OmyJC18ROGR_0221, 33 22 22 44 33 44 33 33 33 33 11
halfpounder_OmyJC18ROGR_0222, 33 22 22 44 33 44 33 33 33 000000 11
halfpounder_OmyJC18ROGR_0223, 13 12 24 22 34 34 34 44 13 13 22
halfpounder_OmyJC18ROGR_0224, 13 12 24 000000 000000 34 34 34 13 11 000000
halfpounder_OmyJC18ROGR_0225, 33 22 22 44 33 44 33 33 33 000000 11
halfpounder_OmyJC18ROGR_0226, 13 12 24 000000 34 34 34 34 13 13 000000
halfpounder_OmyJC18ROGR_0227, 33 22 22 44 33 44 33 34 33 33 12
halfpounder_OmyJC18ROGR_0228, 33 22 22 44 33 34 34 34 33 33 12
halfpounder_OmyJC18ROGR_0229, 33 22 22 44 33 44 33 34 33 33 12
halfpounder_OmyJC18ROGR_0230, 11 12 44 24 44 33 44 44 11 11 22
halfpounder_OmyJC18ROGR_0231, 33 22 22 44 33 44 33 33 33 33 11
halfpounder_OmyJC18ROGR_0232, 11 12 44 22 34 33 44 44 11 11 22
halfpounder_OmyJC18ROGR_0233, 33 22 22 44 33 34 34 33 33 33 11
halfpounder_OmyJC18ROGR_0234, 13 12 24 000000 34 34 34 44 13 13 22
halfpounder_OmyJC18ROGR_0236, 33 22 22 44 33 44 33 34 33 33 12
halfpounder_OmyJC18ROGR_0237, 33 22 22 44 33 44 33 33 33 33 12
halfpounder_OmyJC18ROGR_0238, 33 22 22 44 33 44 33 33 33 33 11
halfpounder_OmyJC18ROGR_0239, 13 12 24 24 34 34 34 44 13 13 22
halfpounder_OmyJC18ROGR_0240, 13 12 24 24 34 34 34 34 13 13 000000
halfpounder_OmyJC18ROGR_0241, 13 12 24 22 34 34 34 44 13 13 22
halfpounder_OmyJC18ROGR_0242, 33 22 22 44 33 44 33 34 33 33 12
halfpounder_OmyJC18ROGR_0243, 33 22 22 44 33 44 33 34 33 33 22
halfpounder_OmyJC18ROGR_0244, 33 22 22 44 33 34 34 33 33 000000 11
halfpounder_OmyJC18ROGR_0245, 33 22 22 44 33 44 33 34 33 33 12
halfpounder_OmyJC18ROGR_0246, 33 22 22 44 33 44 33 33 33 33 12
halfpounder_OmyJC18ROGR_0247, 13 12 24 000000 34 33 44 34 13 13 000000
halfpounder_OmyJC18ROGR_0248, 11 12 44 22 34 33 44 44 11 11 22
halfpounder_OmyJC18ROGR_0249, 13 12 24 24 34 34 34 44 13 13 22
halfpounder_OmyJC18ROGR_0250, 33 22 24 24 33 34 34 33 13 11 11
halfpounder_OmyJC18ROGR_0301, 33 22 22 44 33 44 33 000000 33 33 12
halfpounder_OmyJC18ROGR_0302, 11 11 44 22 44 33 44 44 11 11 22
halfpounder_OmyJC18ROGR_0303, 33 22 22 44 33 44 33 33 33 33 12
halfpounder_OmyJC18ROGR_0304, 33 22 22 44 33 44 33 34 33 33 12
halfpounder_OmyJC18ROGR_0305, 33 22 22 44 33 44 33 34 33 33 12
halfpounder_OmyJC18ROGR_0306, 13 12 24 24 34 34 34 34 13 13 000000
halfpounder_OmyJC18ROGR_0307, 13 12 24 24 34 34 34 34 13 11 000000
halfpounder_OmyJC18ROGR_0308, 33 22 22 000000 33 44 33 33 33 33 11
halfpounder_OmyJC18ROGR_0309, 11 12 44 000000 34 33 44 44 11 11 22
halfpounder_OmyJC18ROGR_0310, 33 22 24 44 34 34 34 34 13 000000 12
halfpounder_OmyJC18ROGR_0311, 33 22 22 000000 33 44 33 34 33 33 22
halfpounder_OmyJC18ROGR_0312, 33 22 24 44 33 34 34 34 13 13 12
halfpounder_OmyJC18ROGR_0313, 33 22 22 44 33 44 33 34 33 33 12
halfpounder_OmyJC18ROGR_0314, 33 22 22 44 33 44 33 44 33 33 22
halfpounder_OmyJC18ROGR_0315, 33 22 22 44 33 44 33 34 33 33 12
halfpounder_OmyJC18ROGR_0316, 33 22 24 24 34 33 44 33 13 11 11
halfpounder_OmyJC18ROGR_0317, 000000 22 44 22 33 33 44 44 11 11 22
halfpounder_OmyJC18ROGR_0318, 33 22 22 000000 33 44 33 33 33 000000 11
halfpounder_OmyJC18ROGR_0319, 13 12 24 22 44 34 34 34 13 13 22
halfpounder_OmyJC18ROGR_0320, 13 12 24 24 34 34 34 44 13 13 22
halfpounder_OmyJC18ROGR_0321, 33 22 22 44 33 44 33 34 33 33 22
halfpounder_OmyJC18ROGR_0322, 33 22 24 44 34 34 34 34 13 11 12
halfpounder_OmyJC18ROGR_0323, 33 22 22 44 33 44 33 33 33 000000 11
halfpounder_OmyJC18ROGR_0324, 33 22 22 000000 33 44 33 33 33 000000 11
halfpounder_OmyJC18ROGR_0325, 33 22 24 24 33 34 34 33 13 11 11
halfpounder_OmyJC18ROGR_0326, 13 12 24 24 34 34 000000 44 13 13 22
halfpounder_OmyJC18ROGR_0327, 33 22 22 000000 33 44 33 44 33 33 22
halfpounder_OmyJC18ROGR_0328, 33 22 24 44 34 34 34 34 13 13 12
halfpounder_OmyJC18ROGR_0329, 33 22 22 44 33 44 33 34 33 33 12
halfpounder_OmyJC18ROGR_0330, 33 22 22 44 33 44 33 33 33 33 11
halfpounder_OmyJC18ROGR_0331, 13 12 24 24 34 34 34 34 13 11 000000
halfpounder_OmyJC18ROGR_0332, 33 22 24 000000 33 34 34 44 13 13 22
halfpounder_OmyJC18ROGR_0333, 13 12 24 24 34 34 34 44 13 13 22
halfpounder_OmyJC18ROGR_0334, 33 22 24 24 34 34 34 34 13 13 12
halfpounder_OmyJC18ROGR_0335, 33 22 22 44 33 44 33 33 33 000000 11
halfpounder_OmyJC18ROGR_0336, 33 22 22 44 33 44 33 34 33 33 12
halfpounder_OmyJC18ROGR_0337, 13 12 24 000000 44 34 34 34 13 000000 22
halfpounder_OmyJC18ROGR_0338, 33 22 22 44 33 44 33 33 33 000000 11
halfpounder_OmyJC18ROGR_0339, 000000 22 44 000000 44 33 44 44 11 11 22
halfpounder_OmyJC18ROGR_0340, 11 11 44 22 44 33 44 44 11 11 22
halfpounder_OmyJC18ROGR_0341, 33 22 22 44 33 44 33 34 33 33 12
halfpounder_OmyJC18ROGR_0342, 33 22 22 44 33 44 33 33 33 33 11
halfpounder_OmyJC18ROGR_0343, 000000 22 44 44 44 33 44 44 11 11 22
halfpounder_OmyJC18ROGR_0344, 13 12 24 24 34 34 34 34 13 11 000000
halfpounder_OmyJC18ROGR_0345, 33 22 24 44 34 34 34 34 13 11 12
halfpounder_OmyJC18ROGR_0346, 33 22 000000 24 33 34 34 34 11 11 12
halfpounder_OmyJC18ROGR_0348, 33 22 22 44 33 44 33 34 33 33 11
halfpounder_OmyJC18ROGR_0349, 33 22 22 44 33 44 33 34 33 33 12
halfpounder_OmyJC18ROGR_0350, 33 22 22 44 33 44 33 33 33 000000 11
halfpounder_OmyJC18ROGR_0351, 33 22 22 44 33 44 33 33 33 33 12
halfpounder_OmyJC18ROGR_0353, 13 12 24 24 34 34 34 44 13 13 22
halfpounder_OmyJC18ROGR_0401, 33 22 22 44 33 44 33 33 33 000000 11
halfpounder_OmyJC18ROGR_0402, 33 22 22 44 33 44 33 33 33 000000 11
halfpounder_OmyJC18ROGR_0403, 11 11 44 22 44 33 44 44 11 11 22
halfpounder_OmyJC18ROGR_0404, 33 22 22 44 33 44 33 34 33 33 22
halfpounder_OmyJC18ROGR_0405, 13 12 24 24 34 34 34 44 13 13 22
halfpounder_OmyJC18ROGR_0406, 33 22 22 44 33 44 33 34 33 33 12
halfpounder_OmyJC18ROGR_0407, 33 22 24 000000 33 33 34 34 13 13 12
halfpounder_OmyJC18ROGR_0408, 13 12 24 24 34 34 34 44 13 13 22
halfpounder_OmyJC18ROGR_0409, 33 22 22 44 33 44 33 33 33 000000 11
halfpounder_OmyJC18ROGR_0410, 33 22 22 44 33 44 33 33 33 000000 12
halfpounder_OmyJC18ROGR_0411, 13 12 24 24 34 34 34 34 13 13 000000
halfpounder_OmyJC18ROGR_0412, 33 22 22 44 33 44 33 33 33 000000 11
halfpounder_OmyJC18ROGR_0413, 11 11 44 22 44 33 44 44 11 11 22
halfpounder_OmyJC18ROGR_0415, 11 12 44 24 44 33 44 44 11 11 22
halfpounder_OmyJC18ROGR_0416, 33 22 22 000000 33 44 33 44 33 33 22
halfpounder_OmyJC18ROGR_0417, 33 22 22 44 33 44 33 34 33 33 12
halfpounder_OmyJC18ROGR_0418, 13 12 24 24 34 34 34 34 13 13 000000
halfpounder_OmyJC18ROGR_0419, 33 22 22 44 33 44 33 34 33 33 22
halfpounder_OmyJC18ROGR_0420, 33 22 22 44 33 44 33 33 33 33 11
halfpounder_OmyJC18ROGR_0421, 11 11 44 22 44 33 44 44 11 11 22
halfpounder_OmyJC18ROGR_0422, 33 22 22 44 33 44 33 34 33 33 12
halfpounder_OmyJC18ROGR_0424, 33 22 24 44 34 34 34 44 13 13 22
halfpounder_OmyJC18ROGR_0425, 11 11 44 22 44 33 44 44 11 11 22
halfpounder_OmyJC18ROGR_0426, 33 22 24 24 34 34 34 33 13 000000 11
halfpounder_OmyJC18ROGR_0427, 33 22 44 22 33 33 44 34 11 11 12
halfpounder_OmyJC18ROGR_0428, 33 22 22 44 33 44 33 34 33 33 12
halfpounder_OmyJC18ROGR_0429, 33 22 22 44 33 44 33 34 33 33 22
halfpounder_OmyJC18ROGR_0431, 11 12 44 24 44 33 44 44 11 11 22
halfpounder_OmyJC18ROGR_0432, 33 22 22 44 33 44 33 33 33 000000 11
halfpounder_OmyJC18ROGR_0433, 33 22 24 000000 34 33 44 34 13 11 12
halfpounder_OmyJC18ROGR_0434, 13 12 24 24 34 34 34 34 13 11 000000
halfpounder_OmyJC18ROGR_0435, 33 22 22 000000 33 44 33 33 33 33 11
halfpounder_OmyJC18ROGR_0436, 33 22 22 000000 33 34 34 34 33 33 12
halfpounder_OmyJC18ROGR_0437, 13 22 24 24 33 33 44 34 13 11 000000
halfpounder_OmyJC18ROGR_0438, 13 12 24 24 34 34 34 34 13 11 000000
halfpounder_OmyJC18ROGR_0439, 33 22 22 44 33 34 34 34 33 33 12
halfpounder_OmyJC18ROGR_0440, 11 11 44 22 44 33 44 44 11 11 22
halfpounder_OmyJC18ROGR_0441, 33 22 22 44 33 44 33 34 33 33 22
halfpounder_OmyJC18ROGR_0442, 13 12 24 24 34 34 34 34 13 11 000000
halfpounder_OmyJC18ROGR_0443, 33 22 22 44 33 44 33 33 33 000000 11
halfpounder_OmyJC18ROGR_0444, 33 22 24 22 33 34 34 44 13 13 22
halfpounder_OmyJC18ROGR_0445, 33 22 22 44 33 44 33 33 33 000000 11
halfpounder_OmyJC18ROGR_0446, 33 22 22 000000 33 44 33 33 33 000000 11
halfpounder_OmyJC18ROGR_0447, 33 22 22 44 33 44 33 33 33 000000 11
halfpounder_OmyJC18ROGR_0448, 11 12 44 24 44 33 44 44 11 11 22
halfpounder_OmyJC18ROGR_0449, 33 22 22 44 33 44 33 34 33 33 12
halfpounder_OmyJC18ROGR_0451, 33 22 22 44 33 44 33 34 33 33 12
halfpounder_OmyJC18ROGR_0452, 11 11 44 22 44 33 44 44 11 11 22
halfpounder_OmyJC18ROGR_0502, 33 22 22 44 33 44 33 34 33 33 12
halfpounder_OmyJC18ROGR_0503, 13 12 24 24 34 34 34 34 13 000000 000000
halfpounder_OmyJC18ROGR_0504, 11 11 44 22 44 33 44 44 11 11 22
halfpounder_OmyJC18ROGR_0505, 11 12 000000 000000 000000 33 44 44 13 000000 22
halfpounder_OmyJC18ROGR_0506, 33 22 22 44 33 44 33 33 33 33 11
halfpounder_OmyJC18ROGR_0507, 33 22 22 000000 33 44 33 44 33 33 22
halfpounder_OmyJC18ROGR_0508, 33 22 22 000000 33 44 33 34 33 33 22
halfpounder_OmyJC18ROGR_0509, 33 22 22 44 33 44 33 33 33 000000 11
halfpounder_OmyJC18ROGR_0510, 33 22 22 44 33 44 33 34 33 33 11
halfpounder_OmyJC18ROGR_0511, 33 22 22 000000 33 44 33 33 33 000000 11
halfpounder_OmyJC18ROGR_0512, 33 22 22 44 33 44 33 34 33 33 12
halfpounder_OmyJC18ROGR_0513, 13 12 24 24 34 34 34 44 13 11 22
halfpounder_OmyJC18ROGR_0514, 13 12 24 24 34 34 34 34 13 000000 000000
halfpounder_OmyJC18ROGR_0515, 11 11 44 22 44 33 44 44 11 11 22
halfpounder_OmyJC18ROGR_0516, 000000 22 24 44 34 34 34 44 13 13 22
halfpounder_OmyJC18ROGR_0517, 33 22 22 44 33 44 33 33 33 33 12
halfpounder_OmyJC18ROGR_0518, 13 12 24 000000 34 34 34 44 13 13 22
halfpounder_OmyJC18ROGR_0519, 33 22 22 000000 33 44 33 44 33 33 22
halfpounder_OmyJC18ROGR_0520, 11 11 44 22 44 33 44 44 11 11 22
halfpounder_OmyJC18ROGR_0521, 33 22 22 44 33 44 33 33 33 000000 11
halfpounder_OmyJC18ROGR_0522, 33 22 22 44 33 44 33 33 33 33 12
halfpounder_OmyJC18ROGR_0523, 33 22 22 44 33 44 33 33 33 33 11
halfpounder_OmyJC18ROGR_0524, 33 22 22 44 33 44 33 33 33 000000 12
halfpounder_OmyJC18ROGR_0525, 13 12 24 000000 34 34 34 44 13 13 22
halfpounder_OmyJC18ROGR_0526, 11 11 44 000000 44 34 34 44 11 11 22
halfpounder_OmyJC18ROGR_0527, 11 11 44 000000 44 33 44 44 11 11 22
halfpounder_OmyJC18ROGR_0528, 11 11 44 22 44 33 44 44 11 11 22
halfpounder_OmyJC18ROGR_0529, 33 22 24 44 34 34 34 44 13 000000 22
halfpounder_OmyJC18ROGR_0530, 33 22 22 44 33 44 33 34 33 33 12
halfpounder_OmyJC18ROGR_0531, 11 12 44 22 34 33 44 44 11 11 22
halfpounder_OmyJC18ROGR_0532, 33 22 22 44 33 44 33 34 33 33 000000
halfpounder_OmyJC18ROGR_0534, 33 22 22 44 33 34 34 33 33 33 11
halfpounder_OmyJC18ROGR_0535, 33 22 22 44 33 44 33 34 33 33 000000
halfpounder_OmyJC18ROGR_0536, 33 22 22 44 33 34 34 34 33 33 12
halfpounder_OmyJC18ROGR_0537, 33 22 22 44 33 44 33 44 33 33 22
halfpounder_OmyJC18ROGR_0538, 33 22 24 000000 34 33 34 34 13 13 12
halfpounder_OmyJC18ROGR_0539, 13 12 44 22 34 33 44 34 11 11 000000
halfpounder_OmyJC18ROGR_0540, 13 22 22 44 33 44 33 34 33 33 000000
halfpounder_OmyJC18ROGR_0541, 13 12 24 24 34 34 34 34 13 11 000000
halfpounder_OmyJC18ROGR_0542, 33 22 22 44 33 44 33 33 33 33 11
halfpounder_OmyJC18ROGR_0543, 33 22 22 44 33 44 33 33 33 000000 12
halfpounder_OmyJC18ROGR_0544, 13 12 24 24 34 34 34 44 13 13 22
halfpounder_OmyJC18ROGR_0545, 13 12 24 24 44 34 34 34 13 11 22
halfpounder_OmyJC18ROGR_0546, 33 22 22 44 33 44 33 33 33 33 11
halfpounder_OmyJC18ROGR_0547, 33 22 24 44 34 33 44 34 13 13 12
halfpounder_OmyJC18ROGR_0548, 33 22 22 44 33 44 33 44 33 33 22
halfpounder_OmyJC18ROGR_0550, 33 22 22 000000 33 44 33 33 33 33 12
halfpounder_OmyJC18ROGR_0601, 33 22 22 44 33 44 33 33 33 000000 12
halfpounder_OmyJC18ROGR_0602, 33 22 22 44 33 44 33 33 33 000000 11
halfpounder_OmyJC18ROGR_0603, 33 22 22 000000 33 44 33 34 33 33 12
halfpounder_OmyJC18ROGR_0605, 13 12 24 24 44 34 34 34 13 11 000000
halfpounder_OmyJC18ROGR_0606, 11 11 44 22 44 33 44 44 11 11 22
halfpounder_OmyJC18ROGR_0607, 11 11 44 000000 44 33 44 44 11 11 22
halfpounder_OmyJC18ROGR_0608, 13 12 24 000000 34 34 34 34 13 13 000000
halfpounder_OmyJC18ROGR_0609, 33 22 22 44 33 44 33 34 33 33 12
halfpounder_OmyJC18ROGR_0610, 13 12 24 22 34 34 34 44 13 13 22
halfpounder_OmyJC18ROGR_0611, 11 11 44 22 44 33 44 44 11 11 22
halfpounder_OmyJC18ROGR_0612, 33 22 22 44 33 34 34 33 33 33 11
halfpounder_OmyJC18ROGR_0613, 13 22 22 44 33 44 33 34 33 33 22
halfpounder_OmyJC18ROGR_0614, 33 22 22 44 33 44 33 34 33 33 12
halfpounder_OmyJC18ROGR_0615, 33 22 24 000000 33 34 34 34 13 13 12
halfpounder_OmyJC18ROGR_0617, 13 12 24 24 34 34 34 44 13 11 22
halfpounder_OmyJC18ROGR_0618, 33 22 22 44 33 34 34 34 33 33 12
halfpounder_OmyJC18ROGR_0619, 33 22 22 44 33 44 33 33 33 33 11
halfpounder_OmyJC18ROGR_0620, 11 11 44 22 44 33 44 44 11 11 22
halfpounder_OmyJC18ROGR_0621, 13 12 24 24 44 34 34 34 13 11 22
halfpounder_OmyJC18ROGR_0622, 33 22 22 44 33 44 33 34 33 33 12
halfpounder_OmyJC18ROGR_0623, 33 22 22 44 33 44 33 33 33 000000 12
halfpounder_OmyJC18ROGR_0624, 33 22 22 44 33 44 33 34 33 33 11
halfpounder_OmyJC18ROGR_0625, 33 22 22 44 33 44 33 34 33 33 22
halfpounder_OmyJC18ROGR_0626, 33 22 22 44 33 44 33 33 33 000000 11
halfpounder_OmyJC18ROGR_0627, 33 22 22 44 33 44 33 34 33 33 12
halfpounder_OmyJC18ROGR_0628, 13 12 24 22 44 34 34 44 13 13 22
halfpounder_OmyJC18ROGR_0629, 33 22 24 24 33 33 44 33 13 11 11
halfpounder_OmyJC18ROGR_0630, 33 22 22 44 33 33 44 34 33 33 12
halfpounder_OmyJC18ROGR_0631, 11 11 44 22 44 33 44 44 11 11 22
halfpounder_OmyJC18ROGR_0632, 33 22 22 44 33 44 33 33 33 000000 000000
halfpounder_OmyJC18ROGR_0633, 13 12 24 000000 34 34 34 34 13 11 000000
halfpounder_OmyJC18ROGR_0635, 33 22 24 44 34 34 34 44 13 13 22
halfpounder_OmyJC18ROGR_0636, 11 11 44 22 44 33 44 44 11 11 22
halfpounder_OmyJC18ROGR_0637, 33 22 22 44 33 44 33 34 33 33 12
halfpounder_OmyJC18ROGR_0638, 33 22 22 44 33 44 34 33 33 33 11
halfpounder_OmyJC18ROGR_0639, 33 22 22 44 33 44 33 34 33 33 12
halfpounder_OmyJC18ROGR_0640, 13 12 24 000000 34 34 34 34 13 000000 000000
halfpounder_OmyJC18ROGR_0641, 13 12 24 24 34 34 34 34 13 13 000000
halfpounder_OmyJC18ROGR_0642, 11 11 44 22 44 33 44 44 11 11 22
halfpounder_OmyJC18ROGR_0643, 13 12 24 24 34 34 34 34 13 000000 000000
halfpounder_OmyJC18ROGR_0644, 33 22 24 44 34 34 34 34 13 13 12
halfpounder_OmyJC18ROGR_0645, 33 22 24 44 34 34 34 44 13 13 22
halfpounder_OmyJC18ROGR_0646, 33 22 24 44 34 34 34 34 13 11 12
halfpounder_OmyJC18ROGR_0647, 11 11 44 22 44 33 44 44 11 11 22
halfpounder_OmyJC18ROGR_0648, 33 22 22 44 33 44 33 34 33 33 12
halfpounder_OmyJC18ROGR_0649, 11 11 44 22 44 33 44 44 11 11 22
halfpounder_OmyJC18ROGR_0650, 33 22 24 24 33 34 34 34 13 13 12
halfpounder_OmyJC18ROGR_0652, 13 12 24 24 34 34 34 44 13 13 22
halfpounder_OmyJC18ROGR_0653, 13 12 24 24 34 34 34 44 13 13 22
halfpounder_OmyJC18ROGR_0654, 33 22 22 44 33 44 33 34 33 33 000000
halfpounder_OmyJC18ROGR_0655, 13 12 24 24 34 34 34 34 13 11 000000
halfpounder_OmyJC18ROGR_0701, 11 11 44 22 44 33 44 44 11 11 22
halfpounder_OmyJC18ROGR_0703, 13 12 24 24 34 34 34 34 13 11 000000
halfpounder_OmyJC18ROGR_0704, 11 12 44 000000 44 33 44 44 11 11 22
halfpounder_OmyJC18ROGR_0706, 33 22 22 000000 33 44 33 34 33 33 12
halfpounder_OmyJC18ROGR_0707, 13 12 24 000000 34 34 34 34 13 11 22
halfpounder_OmyJC18ROGR_0708, 13 12 24 24 34 34 34 34 13 000000 000000
halfpounder_OmyJC18ROGR_0805, 33 22 22 44 33 44 33 34 33 33 12
halfpounder_OmyJC18ROGR_0901, 33 22 22 44 33 44 33 33 33 33 11
halfpounder_OmyJC18ROGR_0902, 000000 22 24 000000 33 34 34 44 13 000000 22
halfpounder_OmyJC18ROGR_0903, 33 22 22 44 33 44 33 34 33 33 12
halfpounder_OmyJC18ROGR_0904, 33 22 22 44 33 44 33 33 33 000000 11
halfpounder_OmyJC18ROGR_0905, 33 22 24 24 33 34 34 34 13 000000 12
halfpounder_OmyJC18ROGR_0906, 13 12 000000 22 34 34 34 44 33 33 22
halfpounder_OmyJC18ROGR_0907, 13 12 44 22 34 33 44 34 11 11 000000
halfpounder_OmyJC18ROGR_0908, 33 22 22 44 33 44 33 33 33 000000 11
halfpounder_OmyJC18ROGR_0909, 13 12 24 24 34 34 34 34 13 11 22
halfpounder_OmyJC18ROGR_0910, 11 11 44 22 44 33 44 44 11 11 22
halfpounder_OmyJC18ROGR_0911, 13 12 44 22 34 33 44 34 11 11 000000
halfpounder_OmyJC18ROGR_0912, 13 12 24 000000 34 34 34 44 13 13 22
halfpounder_OmyJC18ROGR_1001, 13 12 24 000000 34 34 34 44 13 13 22
halfpounder_OmyJC18ROGR_1002, 33 22 24 000000 33 34 34 34 13 000000 12
halfpounder_OmyJC18ROGR_1003, 33 22 22 44 33 44 33 34 33 33 12
halfpounder_OmyJC18ROGR_1004, 33 22 24 44 34 34 34 44 13 13 22
halfpounder_OmyJC18ROGR_1005, 33 22 22 44 33 44 33 34 33 33 12
halfpounder_OmyJC18ROGR_1006, 33 22 22 44 33 44 33 33 33 000000 12
halfpounder_OmyJC18ROGR_1007, 33 22 24 44 34 34 34 34 13 11 12
halfpounder_OmyJC18ROGR_1008, 33 22 24 22 33 34 34 34 13 13 22
halfpounder_OmyJC18ROGR_1009, 33 22 22 44 33 44 33 34 33 33 12
halfpounder_OmyJC18ROGR_1010, 13 12 24 24 34 34 34 34 13 000000 000000
halfpounder_OmyJC18ROGR_1011, 13 12 24 24 34 33 44 34 13 000000 000000
halfpounder_OmyJC18ROGR_1012, 33 22 22 000000 33 44 33 33 33 33 11
halfpounder_OmyJC18ROGR_1013, 33 22 22 44 33 34 33 33 33 33 11
halfpounder_OmyJC18ROGR_1014, 33 22 22 44 33 34 34 34 33 000000 12
halfpounder_OmyJC18ROGR_1015, 33 22 22 44 33 44 33 34 33 33 12
halfpounder_OmyJC18ROGR_1016, 000000 22 44 44 44 33 44 44 11 11 22
halfpounder_OmyJC18ROGR_1017, 33 22 22 44 33 44 33 33 33 33 11
halfpounder_OmyJC18ROGR_1018, 33 22 22 44 33 44 33 34 33 33 12
halfpounder_OmyJC18ROGR_1019, 33 22 22 44 33 44 33 44 33 33 22
halfpounder_OmyJC18ROGR_1020, 33 22 22 44 33 44 33 44 33 33 22
halfpounder_OmyJC18ROGR_1021, 33 22 22 44 33 44 33 33 33 000000 11
halfpounder_OmyJC18ROGR_1022, 33 22 22 44 33 44 33 34 33 33 11
halfpounder_OmyJC18ROGR_1023, 33 22 22 44 33 44 33 33 33 33 12
halfpounder_OmyJC18ROGR_1024, 33 22 22 44 33 44 33 33 33 33 11
halfpounder_OmyJC18ROGR_1025, 13 12 24 24 44 34 34 34 13 11 000000
halfpounder_OmyJC18ROGR_1026, 33 22 22 44 33 44 33 33 33 33 11
halfpounder_OmyJC18ROGR_1027, 33 22 22 44 000000 44 33 33 33 000000 22
halfpounder_OmyJC18ROGR_1028, 33 22 22 44 33 44 33 33 33 33 11
halfpounder_OmyJC18ROGR_1029, 33 22 22 44 33 44 33 33 33 000000 11
halfpounder_OmyJC18ROGR_1030, 13 12 24 24 34 34 34 34 13 11 000000
halfpounder_OmyJC18ROGR_1101, 11 11 44 000000 44 33 44 44 11 11 22
halfpounder_OmyJC18ROGR_1102, 33 22 22 44 33 44 33 34 33 33 12
halfpounder_OmyJC18ROGR_1103, 11 11 44 22 44 33 44 44 11 11 22
halfpounder_OmyJC18ROGR_1104, 11 11 44 22 44 33 44 44 11 11 22
halfpounder_OmyJC18ROGR_1105, 11 12 44 24 44 33 44 44 11 11 22
Pop           
Summer_OmyAC19CORH_0104, 11 11 44 22 44 33 44 44 11 11 22
Summer_OmyAC19CORH_0201, 11 11 44 22 44 33 44 44 11 11 22
Summer_OmyAC19CORH_0202, 11 11 44 000000 44 33 44 44 11 11 22
Summer_OmyAC19CORH_0203, 11 11 44 22 44 33 44 44 11 11 22
Summer_OmyAC19CORH_0204, 11 11 44 000000 44 33 44 44 11 11 22
Summer_OmyAC19CORH_0205, 11 11 44 22 44 33 44 44 11 11 22
Summer_OmyAC19CORH_0206, 11 11 44 000000 44 33 44 44 11 11 22
Summer_OmyAC19CORH_0207, 11 11 44 22 44 33 44 44 11 11 22
Summer_OmyAC19CORH_0208, 11 11 44 22 44 33 44 44 11 11 22
Summer_OmyAC19CORH_0209, 11 11 44 000000 44 33 44 44 11 11 22
Summer_OmyAC19CORH_0210, 11 11 44 22 44 33 44 44 11 11 22
Summer_OmyAC19CORH_0211, 11 11 44 22 44 33 44 44 11 11 22
Summer_OmyAC19CORH_0212, 11 11 44 22 44 33 44 44 11 11 22
Summer_OmyAC19CORH_0213, 11 11 44 22 44 33 44 44 11 11 22
Summer_OmyAC19CORH_0214, 11 11 44 000000 44 33 44 44 11 11 22
Summer_OmyAC19CORH_0215, 11 11 44 22 44 33 44 44 11 11 22
Summer_OmyAC19CORH_0216, 11 11 44 22 44 33 44 44 11 11 22
Summer_OmyAC19CORH_0218, 11 11 44 22 44 33 44 44 11 11 22
Summer_OmyAC19CORH_0219, 11 11 44 22 44 33 44 44 11 11 22
Summer_OmyAC19CORH_0220, 11 11 44 000000 44 33 44 44 11 11 22
Summer_OmyAC19CORH_0221, 11 11 44 22 44 33 44 44 11 11 22
Summer_OmyAC19CORH_0222, 11 11 44 000000 44 33 44 44 11 11 22
Summer_OmyAC19CORH_0223, 11 11 44 22 44 33 44 44 11 11 22
Summer_OmyAC19CORH_0224, 11 11 44 22 44 33 44 44 11 11 22
Summer_OmyAC19CORH_0225, 11 11 44 000000 44 33 44 44 11 11 22
Summer_OmyAC19CORH_0226, 11 11 44 22 44 33 44 44 11 11 22
Summer_OmyAC19CORH_0227, 11 11 44 22 44 33 44 44 11 11 22
Summer_OmyAC19CORH_0228, 11 11 44 22 44 33 44 44 11 11 22
Summer_OmyAC19CORH_0229, 11 11 44 22 44 33 44 44 11 11 22
Summer_OmyAC19CORH_0230, 11 11 44 000000 44 33 44 44 11 11 22
Summer_OmyAC19CORH_0231, 11 11 44 22 44 33 44 44 11 11 22
Summer_OmyAC19CORH_0232, 11 11 44 22 44 33 44 44 11 11 22
Summer_OmyAC19CORH_0233, 11 11 44 22 44 33 44 44 11 11 22
Summer_OmyAC19CORH_0234, 11 11 44 22 44 33 44 44 11 11 22
Summer_OmyAC19CORH_0235, 11 11 44 000000 44 33 44 44 11 11 22
Summer_OmyAC19CORH_0236, 11 11 44 22 44 33 44 44 11 11 22
Summer_OmyAC19CORH_0237, 11 11 44 000000 44 33 44 44 11 11 22
Summer_OmyAC19CORH_0238, 11 11 44 000000 44 33 44 44 11 11 22
Summer_OmyAC19CORH_0239, 11 11 44 22 44 33 44 44 11 11 22
Summer_OmyAC19CORH_0240, 11 11 44 22 44 33 44 44 11 11 22
Summer_OmyAC19CORH_0241, 11 11 44 22 44 33 44 44 11 11 22
Pop           
Winter_OmyAC19APPR_0105, 33 22 22 44 33 44 33 33 33 33 11
Winter_OmyAC19APPR_0108, 33 22 22 44 33 44 33 34 33 33 22
Winter_OmyAC19APPR_0110, 33 22 22 44 33 44 33 33 33 33 11
Winter_OmyAC19APPR_0111, 33 22 22 44 33 44 33 33 33 000000 11
Winter_OmyAC19APPR_0114, 33 22 22 44 33 44 33 34 33 33 12
Winter_OmyAC19APPR_0117, 33 22 22 44 33 44 33 33 33 33 11
Winter_OmyAC19APPR_0120, 33 22 22 000000 33 44 33 34 33 33 000000
Winter_OmyAC19APPR_0122, 33 22 22 44 33 44 33 34 33 33 12
Winter_OmyAC19APPR_0176, 33 22 22 44 33 44 33 33 33 33 11
Winter_OmyAC19APPR_0177, 33 22 22 44 33 44 33 33 33 33 11
Winter_OmyAC19APPR_0178, 33 22 22 44 33 44 33 33 33 33 11
Winter_OmyAC19APPR_0212, 33 22 22 44 33 44 33 33 33 33 22
Winter_OmyAC19APPR_0213, 33 22 22 44 33 44 33 34 33 33 12
Winter_OmyAC19APPR_0214, 33 22 22 44 33 44 33 34 33 33 12
Winter_OmyAC19APPR_0215, 33 22 22 44 33 44 33 34 33 33 11
Winter_OmyAC19APPR_0216, 33 22 22 44 33 44 33 33 33 33 11
Winter_OmyAC19APPR_0217, 33 22 22 44 33 44 33 33 33 33 11
Winter_OmyAC19APPR_0218, 33 22 22 44 33 44 33 33 33 33 11
Winter_OmyAC19APPR_0219, 33 22 22 44 33 44 33 34 33 33 12
Winter_OmyAC19APPR_0220, 33 22 22 44 33 44 33 33 33 33 11
Winter_OmyAC19APPR_0221, 33 22 22 44 33 44 33 33 33 33 11
Winter_OmyAC19APPR_0222, 33 22 22 44 33 44 33 34 33 33 12
Winter_OmyAC19ROGR_0123, 33 22 22 44 33 44 33 33 33 33 12
Winter_OmyAC19ROGR_0125, 33 22 22 44 33 44 33 33 33 33 12
Winter_OmyAC19ROGR_0126, 33 22 22 44 33 44 33 33 33 33 11
Winter_OmyAC19ROGR_0128, 33 22 22 44 33 44 33 34 33 33 12
Winter_OmyAC19ROGR_0129, 33 22 22 44 33 44 33 33 33 33 11
Winter_OmyAC19ROGR_0130, 33 22 22 44 33 44 33 33 33 33 11
Winter_OmyAC19ROGR_0133, 33 22 22 44 33 44 33 34 33 33 12
Winter_OmyAC19ROGR_0134, 33 22 22 44 33 44 33 34 33 33 12
Winter_OmyAC19ROGR_0135, 33 22 22 44 33 44 33 33 33 33 11
Winter_OmyAC19ROGR_0137, 33 22 22 44 33 44 33 33 33 33 11
Winter_OmyAC19ROGR_0139, 33 22 22 44 33 44 33 33 33 33 11
Winter_OmyAC19ROGR_0140, 33 22 22 44 33 44 33 34 33 33 12
Winter_OmyAC19ROGR_0182, 33 22 22 44 33 44 33 33 33 33 11
Winter_OmyAC19ROGR_0183, 33 22 22 44 33 44 33 33 33 33 11
Winter_OmyAC19ROGR_0184, 33 22 22 44 33 44 33 33 33 33 11
Winter_OmyAC19ROGR_0186, 33 22 22 44 33 44 33 33 33 000000 11
Winter_OmyAC19ROGR_0187, 33 22 22 44 33 44 33 34 33 33 12
Winter_OmyAC19ROGR_0189, 33 22 22 44 33 44 33 33 33 33 11 