1 1 (0) 1 : 0.143 0.172 0.360 0.015 0.310
2 2 (1) 1 : 0.222 0.239 0.248 0.082 0.209
3 3 (1) 1 : 0.104 0.199 0.449 0.069 0.179
4 4 (1) 1 : 0.270 0.224 0.339 0.033 0.134
5 5 (2) 1 : 0.018 0.018 0.018 0.929 0.017
6 6 (1) 1 : 0.090 0.094 0.546 0.226 0.043
7 7 (1) 1 : 0.262 0.188 0.164 0.210 0.176
8 8 (0) 1 : 0.217 0.552 0.107 0.018 0.106
9 9 (1) 1 : 0.092 0.100 0.443 0.191 0.174
10 10 (1) 1 : 0.169 0.143 0.073 0.491 0.123
11 11 (0) 1 : 0.129 0.160 0.478 0.105 0.128
12 12 (0) 1 : 0.109 0.112 0.583 0.129 0.067
13 13 (1) 1 : 0.308 0.452 0.075 0.034 0.130
14 14 (1) 1 : 0.251 0.133 0.128 0.460 0.029
15 15 (2) 1 : 0.211 0.206 0.098 0.436 0.049
16 16 (1) 1 : 0.226 0.224 0.283 0.120 0.147
17 17 (1) 1 : 0.164 0.540 0.174 0.101 0.021
18 18 (2) 1 : 0.276 0.405 0.079 0.032 0.208
19 19 (1) 1 : 0.445 0.335 0.063 0.054 0.103
20 20 (1) 1 : 0.335 0.209 0.210 0.224 0.022
21 21 (1) 1 : 0.287 0.312 0.115 0.198 0.089
22 22 (1) 1 : 0.184 0.167 0.211 0.079 0.360
23 23 (1) 1 : 0.126 0.322 0.269 0.165 0.119
24 24 (1) 1 : 0.033 0.037 0.088 0.020 0.822
25 25 (1) 1 : 0.269 0.318 0.110 0.221 0.082
26 26 (1) 1 : 0.188 0.226 0.155 0.119 0.312
27 27 (1) 1 : 0.399 0.246 0.243 0.059 0.053
28 28 (1) 1 : 0.037 0.035 0.058 0.032 0.837
29 29 (1) 1 : 0.276 0.313 0.216 0.070 0.125
30 30 (1) 1 : 0.133 0.119 0.079 0.611 0.058
31 31 (1) 1 : 0.196 0.381 0.216 0.041 0.166
32 32 (1) 1 : 0.192 0.438 0.081 0.111 0.178
33 33 (1) 1 : 0.145 0.155 0.205 0.149 0.346
34 34 (1) 1 : 0.147 0.189 0.061 0.551 0.051
35 35 (0) 1 : 0.335 0.241 0.134 0.092 0.198
36 36 (1) 1 : 0.167 0.296 0.282 0.172 0.083
37 37 (1) 1 : 0.161 0.089 0.122 0.124 0.503
38 38 (1) 1 : 0.061 0.071 0.056 0.487 0.325
39 39 (1) 1 : 0.321 0.457 0.068 0.112 0.041
40 40 (0) 1 : 0.217 0.126 0.328 0.292 0.037
41 41 (1) 1 : 0.372 0.248 0.245 0.040 0.094
42 42 (1) 1 : 0.044 0.066 0.058 0.805 0.028
43 43 (1) 1 : 0.208 0.249 0.329 0.043 0.172
44 44 (7) 1 : 0.133 0.254 0.465 0.054 0.095
45 45 (2) 1 : 0.073 0.101 0.167 0.356 0.303
46 46 (1) 1 : 0.211 0.164 0.146 0.083 0.395
47 47 (0) 1 : 0.051 0.053 0.101 0.065 0.730
48 48 (1) 1 : 0.168 0.219 0.434 0.052 0.127
49 49 (0) 1 : 0.254 0.174 0.221 0.038 0.313
50 50 (1) 1 : 0.407 0.419 0.117 0.026 0.031
51 51 (2) 1 : 0.079 0.079 0.091 0.683 0.068
52 52 (1) 1 : 0.038 0.044 0.040 0.827 0.051
53 53 (2) 1 : 0.104 0.105 0.141 0.026 0.624
54 54 (1) 1 : 0.098 0.121 0.138 0.076 0.566
55 55 (3) 1 : 0.203 0.501 0.131 0.102 0.064
56 56 (1) 1 : 0.222 0.144 0.075 0.075 0.484
57 57 (0) 1 : 0.131 0.159 0.085 0.026 0.598
58 58 (1) 1 : 0.081 0.090 0.075 0.700 0.053
59 59 (0) 1 : 0.181 0.148 0.129 0.033 0.510
60 60 (2) 1 : 0.191 0.191 0.399 0.132 0.087
61 61 (1) 1 : 0.199 0.129 0.139 0.072 0.461
62 62 (1) 1 : 0.222 0.170 0.467 0.050 0.091
63 63 (0) 1 : 0.097 0.101 0.189 0.232 0.380
64 64 (3) 1 : 0.194 0.225 0.416 0.071 0.094
65 65 (1) 1 : 0.255 0.424 0.142 0.065 0.114
66 66 (4) 1 : 0.333 0.259 0.095 0.276 0.037
67 67 (0) 1 : 0.306 0.204 0.094 0.044 0.352
68 68 (2) 1 : 0.164 0.120 0.216 0.051 0.448
69 69 (2) 1 : 0.086 0.103 0.077 0.239 0.496
70 70 (1) 1 : 0.266 0.287 0.190 0.041 0.216
71 71 (0) 1 : 0.228 0.478 0.181 0.033 0.080
72 72 (5) 1 : 0.150 0.152 0.542 0.024 0.133
73 73 (1) 1 : 0.144 0.269 0.070 0.259 0.258
74 74 (1) 1 : 0.245 0.109 0.576 0.033 0.038
75 75 (1) 1 : 0.170 0.268 0.088 0.119 0.355
76 76 (1) 1 : 0.142 0.092 0.090 0.047 0.629
77 77 (1) 1 : 0.024 0.020 0.030 0.910 0.017
78 78 (1) 1 : 0.224 0.428 0.174 0.040 0.134
79 79 (2) 1 : 0.317 0.370 0.128 0.059 0.126
80 80 (2) 1 : 0.075 0.061 0.069 0.714 0.081
81 81 (2) 1 : 0.152 0.086 0.229 0.425 0.108
82 82 (1) 1 : 0.102 0.119 0.182 0.023 0.574
83 83 (0) 1 : 0.263 0.288 0.120 0.049 0.279
84 84 (1) 1 : 0.313 0.164 0.247 0.199 0.077
85 85 (6) 1 : 0.223 0.496 0.127 0.029 0.125
86 86 (1) 1 : 0.414 0.209 0.259 0.089 0.030
87 87 (2) 1 : 0.167 0.077 0.365 0.038 0.353
88 88 (0) 2 : 0.060 0.065 0.031 0.818 0.026
89 89 (1) 2 : 0.532 0.218 0.134 0.055 0.061
90 90 (1) 2 : 0.034 0.034 0.030 0.882 0.021
91 91 (2) 2 : 0.257 0.178 0.207 0.016 0.342
92 92 (1) 2 : 0.149 0.166 0.106 0.053 0.526
93 93 (1) 2 : 0.070 0.065 0.051 0.018 0.795
94 94 (1) 2 : 0.167 0.429 0.185 0.180 0.039
95 95 (0) 2 : 0.178 0.292 0.280 0.214 0.036
96 96 (2) 2 : 0.218 0.370 0.209 0.095 0.108
97 97 (1) 2 : 0.043 0.048 0.029 0.147 0.733
98 98 (0) 2 : 0.254 0.322 0.270 0.049 0.105
99 99 (0) 2 : 0.164 0.121 0.140 0.105 0.469
100 100 (1) 2 : 0.209 0.538 0.125 0.037 0.091
101 101 (1) 2 : 0.090 0.133 0.116 0.518 0.143
102 102 (1) 2 : 0.397 0.330 0.137 0.092 0.043
103 103 (2) 2 : 0.252 0.183 0.203 0.196 0.166
104 104 (1) 2 : 0.158 0.187 0.109 0.035 0.511
105 105 (1) 2 : 0.057 0.033 0.179 0.197 0.534
106 106 (1) 2 : 0.015 0.016 0.022 0.895 0.051
107 107 (2) 2 : 0.322 0.262 0.175 0.110 0.131
108 108 (0) 2 : 0.242 0.247 0.219 0.061 0.231
109 109 (1) 2 : 0.303 0.235 0.203 0.231 0.028
110 110 (1) 2 : 0.095 0.099 0.112 0.203 0.492
111 111 (1) 2 : 0.156 0.153 0.147 0.082 0.463
112 112 (2) 2 : 0.175 0.402 0.257 0.108 0.059
113 113 (1) 2 : 0.189 0.152 0.085 0.518 0.056
114 114 (3) 2 : 0.338 0.384 0.160 0.045 0.073
115 115 (2) 2 : 0.056 0.062 0.496 0.053 0.333
116 116 (0) 2 : 0.207 0.426 0.209 0.090 0.068
117 117 (1) 2 : 0.191 0.379 0.179 0.194 0.056
118 118 (1) 2 : 0.392 0.317 0.074 0.036 0.181
119 119 (3) 2 : 0.466 0.227 0.180 0.063 0.064
120 120 (1) 2 : 0.060 0.065 0.043 0.017 0.814
121 121 (0) 2 : 0.411 0.258 0.235 0.062 0.034
122 122 (1) 2 : 0.257 0.283 0.187 0.066 0.206
123 123 (1) 2 : 0.255 0.291 0.190 0.028 0.236
124 124 (0) 2 : 0.128 0.124 0.604 0.100 0.044
125 125 (1) 2 : 0.127 0.126 0.132 0.108 0.507
126 126 (1) 2 : 0.060 0.104 0.129 0.643 0.063
127 127 (1) 2 : 0.508 0.302 0.072 0.059 0.060
128 128 (1) 2 : 0.113 0.086 0.058 0.035 0.707
129 129 (1) 2 : 0.155 0.431 0.096 0.232 0.086
130 130 (1) 2 : 0.151 0.210 0.551 0.058 0.031
131 131 (1) 2 : 0.238 0.290 0.247 0.070 0.156
132 132 (1) 2 : 0.215 0.082 0.197 0.042 0.464
133 133 (1) 2 : 0.255 0.408 0.249 0.028 0.060
134 134 (1) 2 : 0.581 0.186 0.100 0.063 0.069
135 135 (1) 2 : 0.030 0.028 0.036 0.021 0.884
136 136 (3) 2 : 0.384 0.301 0.169 0.042 0.105
137 137 (1) 2 : 0.229 0.144 0.338 0.245 0.044
138 138 (1) 2 : 0.094 0.155 0.078 0.646 0.027
139 139 (2) 2 : 0.242 0.401 0.261 0.023 0.072
140 140 (3) 2 : 0.184 0.574 0.088 0.101 0.052
141 141 (0) 2 : 0.148 0.232 0.091 0.392 0.137
142 142 (1) 2 : 0.158 0.177 0.131 0.331 0.204
143 143 (0) 2 : 0.060 0.074 0.149 0.073 0.643
144 144 (1) 2 : 0.232 0.568 0.147 0.014 0.040
145 145 (1) 2 : 0.109 0.122 0.681 0.033 0.055
146 146 (2) 2 : 0.139 0.160 0.100 0.059 0.541
147 147 (1) 2 : 0.395 0.278 0.167 0.057 0.103
148 148 (1) 2 : 0.263 0.236 0.255 0.024 0.222
149 149 (2) 2 : 0.249 0.201 0.141 0.085 0.325
150 150 (2) 2 : 0.254 0.149 0.097 0.064 0.437
151 151 (1) 2 : 0.239 0.436 0.076 0.094 0.155
152 152 (0) 2 : 0.181 0.115 0.519 0.056 0.129
153 153 (1) 2 : 0.052 0.031 0.039 0.040 0.838
154 154 (2) 2 : 0.378 0.182 0.329 0.061 0.049
155 155 (1) 2 : 0.186 0.227 0.259 0.093 0.235
156 156 (1) 2 : 0.254 0.159 0.252 0.157 0.177
157 157 (0) 2 : 0.154 0.198 0.366 0.070 0.212
158 158 (2) 2 : 0.383 0.332 0.124 0.022 0.139
159 159 (1) 2 : 0.263 0.332 0.318 0.044 0.042
160 160 (0) 2 : 0.302 0.215 0.168 0.061 0.254
161 161 (1) 2 : 0.163 0.219 0.214 0.042 0.361
162 162 (1) 2 : 0.317 0.190 0.205 0.066 0.222
163 163 (1) 2 : 0.138 0.083 0.152 0.056 0.571
164 164 (1) 2 : 0.226 0.343 0.324 0.027 0.080
165 165 (0) 2 : 0.114 0.246 0.416 0.019 0.205
166 166 (0) 2 : 0.243 0.107 0.543 0.051 0.057
167 167 (2) 2 : 0.233 0.141 0.160 0.105 0.361
168 168 (0) 2 : 0.291 0.457 0.113 0.061 0.077
169 169 (1) 2 : 0.025 0.020 0.034 0.908 0.014
170 170 (1) 2 : 0.080 0.082 0.118 0.072 0.647
171 171 (1) 2 : 0.284 0.320 0.256 0.036 0.104
172 172 (0) 2 : 0.142 0.109 0.063 0.414 0.272
173 173 (1) 2 : 0.031 0.025 0.031 0.889 0.025
174 174 (0) 2 : 0.105 0.178 0.571 0.038 0.109
175 175 (1) 2 : 0.246 0.515 0.142 0.028 0.069
176 176 (1) 2 : 0.260 0.132 0.052 0.056 0.500
177 177 (1) 2 : 0.057 0.050 0.091 0.016 0.786
178 178 (0) 2 : 0.367 0.237 0.316 0.054 0.025
179 179 (1) 2 : 0.151 0.180 0.198 0.020 0.451
180 180 (1) 2 : 0.051 0.058 0.035 0.792 0.063
181 181 (1) 2 : 0.313 0.196 0.374 0.040 0.077
182 182 (1) 2 : 0.200 0.530 0.083 0.129 0.059
183 183 (1) 2 : 0.267 0.299 0.301 0.036 0.096
184 184 (1) 2 : 0.114 0.199 0.058 0.533 0.095
185 185 (2) 2 : 0.322 0.580 0.053 0.012 0.033
186 186 (1) 2 : 0.137 0.242 0.085 0.100 0.437
187 187 (0) 2 : 0.066 0.049 0.807 0.022 0.056
188 188 (1) 2 : 0.180 0.433 0.220 0.062 0.105
189 189 (0) 2 : 0.260 0.200 0.087 0.155 0.298
190 190 (0) 2 : 0.189 0.093 0.077 0.050 0.592
191 191 (2) 2 : 0.075 0.088 0.283 0.035 0.518
192 192 (1) 2 : 0.587 0.304 0.056 0.031 0.023
193 193 (1) 2 : 0.311 0.214 0.221 0.123 0.130
194 194 (0) 2 : 0.639 0.251 0.056 0.015 0.039
195 195 (1) 2 : 0.054 0.067 0.059 0.799 0.020
196 196 (1) 2 : 0.085 0.162 0.690 0.034 0.030
197 197 (1) 2 : 0.247 0.143 0.143 0.063 0.404
198 198 (1) 2 : 0.075 0.072 0.043 0.748 0.062
199 199 (0) 2 : 0.222 0.537 0.139 0.034 0.068
200 200 (0) 2 : 0.079 0.064 0.131 0.057 0.669
201 201 (1) 2 : 0.326 0.217 0.346 0.028 0.083
202 202 (0) 2 : 0.078 0.042 0.060 0.018 0.802
203 203 (0) 2 : 0.240 0.182 0.409 0.046 0.123
204 204 (1) 2 : 0.201 0.218 0.362 0.066 0.153
205 205 (1) 2 : 0.087 0.108 0.623 0.089 0.094
206 206 (1) 2 : 0.046 0.050 0.048 0.811 0.044
207 207 (1) 2 : 0.208 0.136 0.350 0.239 0.067
208 208 (1) 2 : 0.189 0.426 0.279 0.043 0.064
209 209 (0) 2 : 0.086 0.143 0.074 0.535 0.162
210 210 (1) 2 : 0.031 0.023 0.038 0.889 0.018
211 211 (0) 2 : 0.349 0.227 0.169 0.172 0.083
212 212 (1) 2 : 0.180 0.094 0.141 0.252 0.333
213 213 (1) 2 : 0.152 0.226 0.513 0.029 0.079
214 214 (1) 2 : 0.094 0.070 0.737 0.053 0.046
215 215 (1) 2 : 0.588 0.275 0.044 0.029 0.064
216 216 (1) 2 : 0.048 0.053 0.072 0.800 0.026
217 217 (1) 2 : 0.204 0.120 0.194 0.393 0.089
218 218 (1) 2 : 0.075 0.085 0.309 0.029 0.503
219 219 (1) 2 : 0.412 0.269 0.173 0.112 0.033
220 220 (1) 2 : 0.453 0.257 0.165 0.014 0.111
221 221 (0) 2 : 0.113 0.077 0.487 0.264 0.060
222 222 (1) 2 : 0.250 0.224 0.231 0.044 0.251
223 223 (0) 2 : 0.275 0.123 0.447 0.072 0.084
224 224 (1) 2 : 0.355 0.378 0.149 0.031 0.088
225 225 (1) 2 : 0.023 0.021 0.029 0.909 0.018
226 226 (0) 2 : 0.255 0.403 0.122 0.176 0.043
227 227 (1) 2 : 0.027 0.028 0.040 0.867 0.038
228 228 (1) 2 : 0.251 0.178 0.476 0.049 0.046
229 229 (2) 2 : 0.143 0.388 0.334 0.026 0.109
230 230 (1) 2 : 0.084 0.139 0.399 0.203 0.176
231 231 (1) 2 : 0.267 0.205 0.408 0.072 0.048
232 232 (2) 2 : 0.262 0.237 0.262 0.052 0.188
233 233 (1) 2 : 0.258 0.217 0.344 0.099 0.083
234 234 (1) 2 : 0.028 0.028 0.026 0.897 0.021
235 235 (0) 2 : 0.168 0.133 0.084 0.518 0.098
236 236 (1) 2 : 0.246 0.211 0.219 0.031 0.293
237 237 (1) 2 : 0.355 0.212 0.175 0.088 0.170
238 238 (0) 2 : 0.309 0.161 0.349 0.136 0.045
239 239 (1) 2 : 0.607 0.216 0.053 0.086 0.038
240 240 (1) 2 : 0.205 0.303 0.354 0.054 0.084
241 241 (0) 2 : 0.203 0.186 0.094 0.083 0.434
242 242 (1) 2 : 0.476 0.288 0.045 0.019 0.172
243 243 (1) 2 : 0.169 0.195 0.227 0.054 0.354
244 244 (1) 2 : 0.099 0.126 0.439 0.053 0.283
245 245 (0) 2 : 0.027 0.022 0.014 0.922 0.015
246 246 (1) 2 : 0.100 0.056 0.096 0.172 0.576
247 247 (0) 2 : 0.112 0.101 0.154 0.478 0.156
248 248 (1) 2 : 0.119 0.247 0.072 0.504 0.058
249 249 (1) 2 : 0.145 0.139 0.605 0.064 0.046
250 250 (0) 2 : 0.181 0.388 0.187 0.119 0.124
251 251 (1) 2 : 0.273 0.148 0.420 0.068 0.090
252 252 (0) 2 : 0.044 0.038 0.081 0.036 0.800
253 253 (0) 2 : 0.313 0.518 0.066 0.063 0.041
254 254 (1) 2 : 0.135 0.153 0.209 0.065 0.438
255 255 (1) 2 : 0.083 0.068 0.303 0.032 0.514
256 256 (1) 2 : 0.085 0.048 0.203 0.326 0.338
257 257 (0) 2 : 0.144 0.133 0.582 0.076 0.065
258 258 (1) 1 : 0.227 0.199 0.220 0.200 0.154
259 259 (2) 1 : 0.183 0.171 0.082 0.476 0.087
260 260 (1) 1 : 0.450 0.329 0.091 0.030 0.100
261 261 (0) 1 : 0.197 0.467 0.234 0.060 0.043
262 262 (1) 1 : 0.236 0.275 0.162 0.129 0.198
263 263 (0) 1 : 0.112 0.095 0.284 0.041 0.469
264 264 (1) 1 : 0.213 0.206 0.422 0.070 0.088
265 265 (1) 1 : 0.358 0.141 0.321 0.048 0.132
266 266 (1) 1 : 0.090 0.214 0.622 0.018 0.056
267 267 (1) 1 : 0.263 0.286 0.190 0.154 0.108
268 268 (2) 1 : 0.136 0.191 0.143 0.153 0.376
269 269 (1) 1 : 0.249 0.470 0.080 0.148 0.053
270 270 (1) 1 : 0.063 0.072 0.320 0.036 0.509
271 271 (1) 1 : 0.208 0.310 0.101 0.319 0.062
272 272 (0) 1 : 0.229 0.166 0.333 0.226 0.045
273 273 (0) 1 : 0.293 0.467 0.097 0.036 0.108
274 274 (1) 1 : 0.057 0.094 0.054 0.747 0.048
275 275 (1) 1 : 0.274 0.183 0.169 0.135 0.240
276 276 (1) 1 : 0.445 0.255 0.168 0.061 0.072
277 277 (1) 1 : 0.290 0.338 0.234 0.088 0.050
278 278 (1) 1 : 0.166 0.178 0.285 0.316 0.055
279 279 (0) 1 : 0.331 0.295 0.114 0.207 0.052
280 280 (1) 1 : 0.116 0.131 0.284 0.123 0.346
281 281 (1) 1 : 0.264 0.492 0.122 0.058 0.064
282 282 (1) 1 : 0.278 0.199 0.181 0.200 0.142
283 283 (1) 1 : 0.318 0.331 0.223 0.059 0.068
284 284 (0) 1 : 0.151 0.172 0.489 0.030 0.158
285 285 (1) 1 : 0.348 0.199 0.133 0.059 0.260
286 286 (1) 1 : 0.317 0.315 0.197 0.031 0.140
287 287 (1) 1 : 0.016 0.016 0.012 0.946 0.011
288 288 (1) 1 : 0.059 0.075 0.073 0.739 0.055
289 289 (1) 1 : 0.269 0.439 0.129 0.126 0.038
290 290 (1) 1 : 0.019 0.029 0.026 0.906 0.020
291 291 (1) 1 : 0.138 0.081 0.147 0.437 0.197
292 292 (1) 1 : 0.241 0.340 0.132 0.218 0.069
293 293 (1) 1 : 0.109 0.114 0.108 0.038 0.631
294 294 (1) 1 : 0.290 0.227 0.236 0.203 0.043
295 295 (0) 1 : 0.233 0.307 0.277 0.028 0.155
296 296 (0) 1 : 0.345 0.302 0.193 0.044 0.116
297 297 (1) 1 : 0.055 0.065 0.079 0.771 0.029
298 298 (0) 1 : 0.409 0.244 0.277 0.026 0.043
299 299 (1) 1 : 0.230 0.113 0.119 0.247 0.292
300 300 (1) 1 : 0.320 0.321 0.221 0.047 0.091
301 301 (0) 1 : 0.035 0.035 0.042 0.856 0.032
302 302 (1) 1 : 0.185 0.130 0.170 0.463 0.052
303 303 (1) 1 : 0.238 0.510 0.080 0.125 0.047
304 304 (1) 1 : 0.377 0.321 0.086 0.138 0.079
305 305 (1) 1 : 0.332 0.331 0.215 0.035 0.087
306 306 (1) 1 : 0.074 0.101 0.206 0.601 0.019
307 307 (2) 1 : 0.295 0.212 0.264 0.030 0.199
308 308 (0) 1 : 0.362 0.176 0.300 0.108 0.054
309 309 (2) 1 : 0.030 0.028 0.024 0.891 0.026
310 310 (0) 1 : 0.218 0.169 0.135 0.426 0.052
311 311 (0) 1 : 0.260 0.145 0.088 0.464 0.042
312 312 (0) 1 : 0.104 0.159 0.123 0.052 0.561
313 313 (1) 1 : 0.309 0.169 0.367 0.022 0.132
314 314 (0) 1 : 0.135 0.114 0.107 0.052 0.591
315 315 (1) 1 : 0.224 0.275 0.330 0.068 0.103
316 316 (1) 1 : 0.350 0.124 0.425 0.038 0.063
317 317 (1) 1 : 0.256 0.459 0.046 0.035 0.203
318 318 (1) 1 : 0.157 0.196 0.164 0.033 0.450
319 319 (1) 1 : 0.315 0.372 0.171 0.023 0.119
320 320 (0) 1 : 0.147 0.177 0.566 0.017 0.093
321 321 (1) 1 : 0.262 0.303 0.335 0.029 0.071
322 322 (0) 1 : 0.198 0.328 0.102 0.316 0.056
323 323 (1) 1 : 0.251 0.291 0.392 0.031 0.036
324 324 (1) 1 : 0.151 0.064 0.592 0.026 0.167
325 325 (1) 1 : 0.149 0.233 0.188 0.384 0.047
326 326 (1) 1 : 0.182 0.247 0.461 0.058 0.051
327 327 (1) 1 : 0.231 0.093 0.513 0.037 0.126
328 328 (1) 2 : 0.128 0.083 0.129 0.045 0.615
329 329 (0) 2 : 0.232 0.276 0.363 0.064 0.064
330 330 (0) 2 : 0.176 0.199 0.530 0.065 0.029
331 331 (1) 2 : 0.107 0.087 0.128 0.606 0.071
332 332 (1) 2 : 0.126 0.076 0.045 0.687 0.066
333 333 (1) 2 : 0.050 0.074 0.031 0.811 0.033
334 334 (1) 2 : 0.117 0.182 0.300 0.195 0.207
335 335 (0) 2 : 0.199 0.129 0.208 0.022 0.441
336 336 (1) 2 : 0.060 0.051 0.033 0.831 0.025
337 337 (1) 2 : 0.253 0.491 0.175 0.037 0.044
338 338 (1) 2 : 0.056 0.054 0.046 0.821 0.023
339 339 (1) 2 : 0.238 0.532 0.142 0.053 0.035
340 340 (0) 2 : 0.161 0.089 0.151 0.144 0.455
341 341 (1) 2 : 0.354 0.183 0.191 0.020 0.253
342 342 (2) 2 : 0.260 0.142 0.127 0.383 0.088
343 343 (2) 2 : 0.166 0.110 0.170 0.323 0.232
344 344 (3) 2 : 0.225 0.189 0.068 0.435 0.083
345 345 (2) 2 : 0.071 0.060 0.118 0.655 0.096
346 346 (4) 2 : 0.072 0.078 0.795 0.027 0.028
347 347 (3) 2 : 0.340 0.445 0.113 0.054 0.048
348 348 (1) 2 : 0.282 0.292 0.189 0.171 0.067
349 349 (1) 2 : 0.499 0.291 0.120 0.033 0.055
350 350 (1) 2 : 0.358 0.349 0.204 0.051 0.038
351 351 (0) 2 : 0.118 0.097 0.056 0.688 0.041
352 352 (4) 2 : 0.159 0.123 0.232 0.404 0.082
353 353 (2) 2 : 0.200 0.114 0.339 0.190 0.157
354 354 (1) 2 : 0.240 0.295 0.318 0.099 0.048
355 355 (2) 2 : 0.232 0.316 0.352 0.037 0.063
356 356 (1) 2 : 0.190 0.118 0.214 0.040 0.438
357 357 (2) 2 : 0.035 0.042 0.033 0.641 0.249
358 358 (2) 2 : 0.293 0.218 0.145 0.021 0.324
359 359 (3) 2 : 0.497 0.239 0.090 0.084 0.090
360 360 (0) 2 : 0.143 0.248 0.173 0.053 0.383
361 361 (1) 2 : 0.107 0.101 0.728 0.018 0.045
362 362 (1) 2 : 0.226 0.165 0.330 0.190 0.089
363 363 (2) 2 : 0.141 0.262 0.199 0.208 0.189
364 364 (3) 2 : 0.534 0.287 0.107 0.023 0.050
365 365 (4) 2 : 0.316 0.279 0.326 0.039 0.040
366 366 (4) 2 : 0.246 0.140 0.188 0.042 0.385
367 367 (3) 2 : 0.056 0.066 0.098 0.752 0.028
368 368 (3) 2 : 0.182 0.230 0.158 0.354 0.076
369 369 (2) 2 : 0.190 0.239 0.177 0.089 0.305
370 370 (3) 2 : 0.290 0.202 0.380 0.058 0.071
371 371 (1) 2 : 0.290 0.293 0.246 0.043 0.128
372 372 (3) 2 : 0.444 0.216 0.137 0.083 0.119
373 373 (5) 2 : 0.110 0.105 0.188 0.104 0.493
374 374 (5) 2 : 0.101 0.092 0.059 0.025 0.723
375 375 (3) 2 : 0.230 0.319 0.304 0.099 0.048
376 376 (3) 2 : 0.048 0.027 0.035 0.863 0.027
377 377 (4) 2 : 0.114 0.114 0.126 0.221 0.425
378 378 (0) 2 : 0.369 0.256 0.115 0.090 0.170
379 379 (5) 2 : 0.380 0.161 0.196 0.116 0.146
380 380 (4) 2 : 0.224 0.207 0.246 0.165 0.157
381 381 (1) 2 : 0.318 0.420 0.110 0.047 0.104
382 382 (1) 2 : 0.360 0.251 0.209 0.041 0.139
383 383 (3) 2 : 0.101 0.245 0.170 0.420 0.064
384 384 (2) 2 : 0.362 0.188 0.224 0.196 0.030
385 385 (4) 2 : 0.134 0.174 0.611 0.052 0.029
386 386 (2) 2 : 0.232 0.259 0.138 0.327 0.045
387 387 (1) 2 : 0.244 0.151 0.096 0.260 0.249
388 388 (6) 2 : 0.145 0.343 0.104 0.062 0.345
389 389 (1) 2 : 0.253 0.328 0.230 0.134 0.056
390 390 (1) 2 : 0.325 0.286 0.253 0.068 0.067
391 391 (3) 2 : 0.040 0.029 0.044 0.835 0.052
392 392 (2) 2 : 0.256 0.161 0.263 0.040 0.280
393 393 (4) 2 : 0.059 0.053 0.090 0.074 0.724
394 394 (3) 2 : 0.072 0.078 0.077 0.744 0.030
395 395 (7) 2 : 0.134 0.140 0.124 0.205 0.396
396 396 (4) 2 : 0.083 0.098 0.069 0.535 0.214
397 397 (1) 2 : 0.225 0.282 0.321 0.057 0.115
398 398 (3) 2 : 0.148 0.138 0.385 0.207 0.123
399 399 (2) 2 : 0.133 0.207 0.110 0.292 0.258
400 400 (0) 2 : 0.252 0.181 0.406 0.059 0.102
401 401 (6) 2 : 0.081 0.087 0.129 0.065 0.638
402 402 (5) 2 : 0.108 0.094 0.155 0.219 0.423
403 403 (1) 2 : 0.237 0.282 0.135 0.153 0.193
404 404 (2) 2 : 0.158 0.526 0.153 0.120 0.044
405 405 (3) 2 : 0.354 0.244 0.266 0.038 0.098
406 406 (2) 2 : 0.243 0.397 0.268 0.044 0.048
407 407 (2) 2 : 0.385 0.203 0.078 0.108 0.225
408 408 (2) 2 : 0.319 0.147 0.141 0.108 0.285
409 409 (1) 2 : 0.204 0.132 0.377 0.039 0.248
410 410 (1) 2 : 0.203 0.132 0.571 0.031 0.063
411 411 (1) 2 : 0.173 0.329 0.391 0.041 0.066
412 412 (0) 2 : 0.427 0.330 0.176 0.023 0.044
413 413 (1) 2 : 0.100 0.166 0.658 0.040 0.035
414 414 (2) 2 : 0.279 0.472 0.177 0.022 0.049
415 415 (2) 2 : 0.153 0.179 0.511 0.019 0.138
416 416 (3) 2 : 0.140 0.407 0.309 0.078 0.065
417 417 (1) 2 : 0.235 0.107 0.282 0.053 0.322
418 418 (0) 2 : 0.046 0.051 0.147 0.046 0.710
419 419 (1) 2 : 0.192 0.258 0.225 0.030 0.295
420 420 (0) 2 : 0.110 0.255 0.572 0.031 0.032
421 421 (1) 2 : 0.442 0.213 0.216 0.056 0.073
422 422 (6) 2 : 0.262 0.521 0.085 0.049 0.084
423 423 (2) 2 : 0.133 0.154 0.542 0.054 0.117
424 424 (1) 2 : 0.116 0.055 0.441 0.206 0.182
425 425 (1) 2 : 0.183 0.209 0.286 0.267 0.055
426 426 (3) 2 : 0.337 0.110 0.370 0.033 0.150
427 427 (2) 2 : 0.130 0.196 0.074 0.582 0.017
428 428 (6) 2 : 0.085 0.045 0.819 0.017 0.035
429 429 (1) 2 : 0.255 0.349 0.192 0.181 0.023
430 430 (1) 2 : 0.209 0.422 0.117 0.125 0.127
431 431 (0) 2 : 0.196 0.174 0.535 0.050 0.046
432 432 (2) 2 : 0.065 0.076 0.047 0.758 0.053
433 433 (2) 2 : 0.120 0.168 0.076 0.081 0.555
434 434 (2) 2 : 0.199 0.516 0.139 0.103 0.044
435 435 (8) 2 : 0.179 0.104 0.524 0.072 0.121
436 436 (2) 2 : 0.192 0.161 0.469 0.037 0.141
437 437 (4) 2 : 0.267 0.175 0.304 0.040 0.214
438 438 (1) 2 : 0.044 0.040 0.069 0.068 0.778
439 439 (2) 2 : 0.117 0.240 0.089 0.483 0.071
440 440 (0) 2 : 0.054 0.050 0.046 0.120 0.730
441 441 (1) 2 : 0.591 0.285 0.051 0.032 0.040
442 442 (6) 2 : 0.261 0.341 0.091 0.131 0.174
443 443 (1) 2 : 0.349 0.379 0.200 0.020 0.051
444 444 (6) 2 : 0.122 0.131 0.381 0.048 0.318
445 445 (2) 2 : 0.178 0.164 0.337 0.089 0.231
446 446 (3) 2 : 0.161 0.083 0.228 0.274 0.254
447 447 (2) 2 : 0.292 0.320 0.167 0.105 0.116
448 448 (3) 2 : 0.182 0.605 0.101 0.057 0.055
449 449 (1) 2 : 0.325 0.343 0.194 0.038 0.099
450 450 (4) 2 : 0.070 0.056 0.445 0.204 0.226
451 451 (3) 2 : 0.287 0.438 0.148 0.043 0.084
452 452 (1) 2 : 0.324 0.419 0.143 0.069 0.044
453 453 (1) 2 : 0.400 0.193 0.348 0.028 0.031
454 454 (4) 2 : 0.247 0.158 0.121 0.064 0.410
455 455 (4) 2 : 0.214 0.124 0.094 0.421 0.147
456 456 (5) 2 : 0.132 0.179 0.472 0.136 0.082
457 457 (3) 2 : 0.175 0.233 0.205 0.027 0.360
458 458 (1) 2 : 0.132 0.138 0.514 0.052 0.164
459 459 (1) 2 : 0.041 0.038 0.052 0.845 0.023
460 460 (2) 2 : 0.307 0.152 0.457 0.045 0.039
461 461 (1) 2 : 0.065 0.087 0.035 0.710 0.103
462 462 (1) 2 : 0.216 0.251 0.240 0.021 0.272
463 463 (4) 2 : 0.474 0.255 0.150 0.056 0.065
464 464 (6) 2 : 0.235 0.146 0.323 0.032 0.265
465 465 (3) 2 : 0.082 0.068 0.275 0.049 0.525
466 466 (3) 2 : 0.222 0.198 0.239 0.079 0.262
467 467 (2) 2 : 0.319 0.506 0.082 0.051 0.043
468 468 (2) 2 : 0.144 0.131 0.586 0.020 0.119
469 469 (1) 2 : 0.023 0.021 0.033 0.901 0.022
470 470 (0) 2 : 0.094 0.106 0.069 0.243 0.489
471 471 (2) 2 : 0.157 0.279 0.400 0.080 0.084
472 472 (2) 2 : 0.079 0.078 0.809 0.009 0.026
473 473 (1) 2 : 0.351 0.211 0.286 0.075 0.076
474 474 (3) 2 : 0.082 0.098 0.699 0.056 0.064
475 475 (1) 2 : 0.220 0.227 0.118 0.096 0.339
476 476 (2) 2 : 0.371 0.345 0.157 0.044 0.083
477 477 (0) 2 : 0.160 0.302 0.173 0.091 0.274
478 478 (1) 2 : 0.303 0.231 0.295 0.085 0.086
479 479 (1) 2 : 0.141 0.332 0.288 0.055 0.184
480 480 (1) 2 : 0.288 0.297 0.259 0.097 0.059
481 481 (1) 2 : 0.266 0.286 0.327 0.048 0.074
482 482 (1) 2 : 0.187 0.278 0.133 0.042 0.361
483 483 (0) 2 : 0.265 0.251 0.265 0.036 0.183
484 484 (0) 2 : 0.383 0.426 0.078 0.074 0.040
485 485 (0) 2 : 0.159 0.299 0.115 0.030 0.397
486 486 (0) 2 : 0.212 0.163 0.423 0.056 0.145
487 487 (1) 2 : 0.135 0.246 0.055 0.035 0.529
488 488 (1) 2 : 0.170 0.204 0.266 0.070 0.289
489 489 (1) 2 : 0.526 0.263 0.110 0.049 0.052
490 490 (0) 2 : 0.325 0.223 0.394 0.022 0.036
491 491 (0) 2 : 0.157 0.132 0.099 0.061 0.552
492 492 (5) 2 : 0.045 0.050 0.045 0.768 0.092
493 493 (1) 2 : 0.206 0.340 0.057 0.216 0.182
494 494 (3) 2 : 0.188 0.161 0.459 0.047 0.145
495 495 (1) 2 : 0.221 0.250 0.278 0.094 0.156
496 496 (1) 2 : 0.114 0.144 0.590 0.113 0.039
497 497 (1) 2 : 0.241 0.290 0.272 0.018 0.179
498 498 (1) 2 : 0.256 0.237 0.141 0.072 0.293
499 499 (1) 2 : 0.293 0.174 0.280 0.039 0.214
500 500 (1) 2 : 0.163 0.204 0.488 0.100 0.044
501 501 (2) 2 : 0.149 0.105 0.316 0.037 0.393
502 502 (1) 2 : 0.133 0.116 0.076 0.235 0.440
503 503 (2) 2 : 0.249 0.185 0.230 0.112 0.223
504 504 (2) 2 : 0.118 0.193 0.088 0.069 0.532
505 505 (2) 2 : 0.134 0.076 0.642 0.071 0.077
506 506 (3) 2 : 0.125 0.110 0.601 0.069 0.096
507 507 (1) 2 : 0.175 0.278 0.397 0.103 0.047
508 508 (7) 2 : 0.169 0.315 0.378 0.038 0.101
509 509 (1) 2 : 0.142 0.378 0.149 0.150 0.181
510 510 (1) 2 : 0.023 0.017 0.017 0.926 0.017
511 511 (2) 2 : 0.091 0.081 0.174 0.132 0.522
512 512 (1) 2 : 0.171 0.098 0.239 0.031 0.461
513 513 (3) 2 : 0.254 0.482 0.197 0.028 0.038
514 514 (1) 2 : 0.061 0.040 0.057 0.026 0.817
515 515 (5) 2 : 0.269 0.331 0.282 0.036 0.082
516 516 (3) 2 : 0.082 0.057 0.094 0.305 0.462
517 517 (1) 2 : 0.286 0.203 0.109 0.021 0.381
518 518 (1) 2 : 0.095 0.162 0.098 0.482 0.163
519 519 (0) 2 : 0.103 0.181 0.427 0.085 0.204
520 520 (0) 2 : 0.431 0.301 0.082 0.042 0.144
521 521 (2) 2 : 0.275 0.196 0.338 0.097 0.094
522 522 (2) 2 : 0.157 0.100 0.334 0.330 0.079
523 523 (1) 2 : 0.143 0.154 0.078 0.274 0.351
524 524 (3) 2 : 0.171 0.134 0.445 0.127 0.123
525 525 (1) 2 : 0.229 0.576 0.041 0.046 0.107
526 526 (7) 2 : 0.433 0.165 0.332 0.018 0.052
527 527 (4) 2 : 0.246 0.198 0.365 0.106 0.086
528 528 (1) 2 : 0.281 0.223 0.255 0.026 0.215
529 529 (2) 2 : 0.186 0.153 0.559 0.034 0.068
530 530 (1) 2 : 0.153 0.105 0.252 0.065 0.425
531 531 (2) 2 : 0.412 0.324 0.152 0.034 0.078
532 532 (2) 2 : 0.143 0.211 0.498 0.022 0.125
533 533 (5) 2 : 0.037 0.046 0.021 0.854 0.042
534 534 (2) 2 : 0.159 0.156 0.454 0.110 0.122
535 535 (3) 2 : 0.291 0.155 0.155 0.055 0.344
536 536 (0) 2 : 0.210 0.207 0.397 0.125 0.061
537 537 (3) 2 : 0.306 0.267 0.113 0.229 0.084
538 538 (1) 2 : 0.207 0.291 0.328 0.034 0.139
539 539 (1) 2 : 0.130 0.230 0.275 0.065 0.300
540 540 (1) 2 : 0.278 0.234 0.311 0.056 0.120
541 541 (5) 2 : 0.304 0.171 0.212 0.018 0.295
542 542 (4) 2 : 0.396 0.272 0.162 0.102 0.068
543 543 (2) 2 : 0.178 0.161 0.283 0.019 0.359
544 544 (2) 2 : 0.169 0.378 0.160 0.053 0.240
545 545 (2) 2 : 0.313 0.160 0.093 0.251 0.184
546 546 (1) 2 : 0.202 0.150 0.271 0.044 0.333
547 547 (1) 2 : 0.196 0.188 0.298 0.067 0.252
548 548 (1) 2 : 0.067 0.078 0.090 0.719 0.046
549 549 (1) 2 : 0.252 0.221 0.081 0.287 0.159
550 550 (2) 2 : 0.332 0.164 0.190 0.239 0.074
551 551 (4) 2 : 0.290 0.288 0.234 0.132 0.056
552 552 (6) 2 : 0.344 0.432 0.167 0.037 0.020
553 553 (3) 2 : 0.047 0.048 0.054 0.032 0.818
554 554 (1) 2 : 0.160 0.269 0.102 0.024 0.445
555 555 (4) 2 : 0.226 0.168 0.207 0.037 0.362
556 556 (2) 2 : 0.254 0.259 0.208 0.083 0.196
557 557 (0) 2 : 0.301 0.341 0.216 0.035 0.107
558 558 (2) 2 : 0.220 0.316 0.153 0.065 0.245
559 559 (3) 2 : 0.355 0.227 0.088 0.264 0.066
560 560 (6) 2 : 0.192 0.203 0.099 0.034 0.470
561 561 (1) 2 : 0.278 0.355 0.162 0.174 0.031
562 562 (2) 2 : 0.102 0.110 0.146 0.067 0.575
563 563 (2) 2 : 0.273 0.223 0.054 0.269 0.181
564 564 (1) 2 : 0.106 0.097 0.355 0.327 0.114
565 565 (1) 2 : 0.232 0.396 0.288 0.050 0.035
566 566 (1) 2 : 0.142 0.236 0.460 0.027 0.135
567 567 (1) 2 : 0.444 0.328 0.142 0.034 0.051
568 568 (1) 2 : 0.464 0.291 0.138 0.024 0.083
569 569 (3) 2 : 0.242 0.208 0.373 0.044 0.132
570 570 (1) 2 : 0.130 0.181 0.201 0.274 0.214
571 571 (2) 2 : 0.093 0.160 0.086 0.556 0.105
572 572 (5) 2 : 0.142 0.245 0.068 0.133 0.412
573 573 (5) 2 : 0.398 0.251 0.058 0.155 0.138
574 574 (1) 2 : 0.532 0.235 0.080 0.118 0.035
575 575 (2) 2 : 0.357 0.170 0.161 0.034 0.277
576 576 (0) 2 : 0.195 0.110 0.098 0.018 0.579
577 577 (1) 2 : 0.303 0.268 0.088 0.272 0.069
578 578 (1) 2 : 0.461 0.448 0.049 0.023 0.019
579 579 (2) 2 : 0.303 0.404 0.076 0.052 0.166
580 580 (1) 2 : 0.235 0.332 0.142 0.019 0.273
581 581 (1) 2 : 0.154 0.187 0.076 0.132 0.451
582 582 (0) 2 : 0.121 0.120 0.642 0.072 0.044
583 583 (1) 2 : 0.330 0.242 0.115 0.056 0.258
584 584 (2) 2 : 0.278 0.166 0.063 0.287 0.206
585 585 (1) 2 : 0.391 0.219 0.170 0.196 0.024
586 586 (0) 2 : 0.163 0.126 0.067 0.552 0.092
587 587 (1) 2 : 0.152 0.155 0.475 0.029 0.190
588 588 (0) 2 : 0.296 0.172 0.059 0.380 0.093
589 589 (2) 2 : 0.062 0.038 0.069 0.033 0.797
590 590 (2) 2 : 0.142 0.334 0.256 0.131 0.137
591 591 (1) 2 : 0.204 0.159 0.097 0.398 0.141
592 592 (1) 2 : 0.271 0.298 0.204 0.043 0.185
593 593 (1) 2 : 0.149 0.157 0.375 0.278 0.041
594 594 (3) 2 : 0.250 0.195 0.401 0.041 0.113
595 595 (1) 2 : 0.484 0.284 0.075 0.090 0.067
596 596 (1) 2 : 0.187 0.129 0.544 0.073 0.066
597 597 (1) 2 : 0.306 0.137 0.432 0.076 0.049
598 598 (1) 2 : 0.145 0.149 0.088 0.551 0.067
599 599 (1) 2 : 0.306 0.168 0.135 0.086 0.305
600 600 (2) 2 : 0.257 0.190 0.141 0.042 0.370
601 601 (7) 2 : 0.118 0.170 0.048 0.017 0.647
602 602 (3) 2 : 0.064 0.062 0.778 0.065 0.032
603 603 (1) 2 : 0.184 0.227 0.260 0.046 0.284
604 604 (1) 2 : 0.237 0.288 0.194 0.054 0.228
605 605 (1) 2 : 0.123 0.097 0.207 0.035 0.537
606 606 (1) 2 : 0.321 0.156 0.132 0.351 0.039
607 607 (1) 2 : 0.161 0.089 0.606 0.040 0.105
608 608 (1) 2 : 0.238 0.130 0.345 0.047 0.239
609 609 (1) 2 : 0.074 0.058 0.032 0.054 0.782
610 610 (1) 2 : 0.106 0.125 0.278 0.179 0.312
611 611 (1) 2 : 0.191 0.181 0.382 0.061 0.185
612 612 (1) 2 : 0.305 0.229 0.242 0.134 0.090
613 613 (2) 2 : 0.094 0.095 0.103 0.580 0.128
614 614 (1) 2 : 0.068 0.066 0.066 0.251 0.549
615 615 (1) 2 : 0.165 0.383 0.367 0.030 0.055
616 616 (1) 2 : 0.195 0.155 0.572 0.031 0.047
617 617 (1) 2 : 0.171 0.208 0.311 0.023 0.286
618 618 (0) 2 : 0.458 0.238 0.156 0.115 0.032
619 619 (1) 2 : 0.473 0.261 0.142 0.083 0.041
620 620 (1) 2 : 0.172 0.105 0.352 0.247 0.124
621 621 (1) 2 : 0.155 0.132 0.265 0.188 0.260
622 622 (1) 2 : 0.207 0.451 0.183 0.014 0.146
623 623 (1) 2 : 0.309 0.306 0.085 0.256 0.043
624 624 (0) 2 : 0.477 0.232 0.063 0.087 0.141
625 625 (0) 2 : 0.584 0.261 0.099 0.031 0.024
626 626 (1) 2 : 0.082 0.066 0.765 0.018 0.069
627 627 (1) 2 : 0.265 0.393 0.249 0.030 0.064
628 628 (1) 2 : 0.103 0.170 0.193 0.475 0.059
629 629 (1) 2 : 0.039 0.036 0.036 0.872 0.016
630 630 (2) 2 : 0.496 0.346 0.064 0.063 0.031
631 631 (5) 2 : 0.246 0.095 0.072 0.273 0.313
632 632 (2) 2 : 0.161 0.142 0.510 0.065 0.121
633 633 (1) 2 : 0.156 0.340 0.187 0.291 0.026
634 634 (4) 2 : 0.186 0.302 0.258 0.022 0.232
635 635 (1) 2 : 0.563 0.335 0.063 0.020 0.019
636 636 (0) 2 : 0.538 0.207 0.127 0.054 0.074
637 637 (1) 2 : 0.059 0.045 0.037 0.038 0.821
638 638 (0) 2 : 0.324 0.335 0.186 0.121 0.033
639 639 (0) 2 : 0.210 0.425 0.068 0.052 0.245
640 640 (1) 2 : 0.066 0.069 0.698 0.099 0.067
641 641 (1) 2 : 0.139 0.250 0.346 0.102 0.162
642 642 (1) 2 : 0.153 0.153 0.223 0.333 0.137
643 643 (1) 2 : 0.428 0.329 0.188 0.017 0.038
644 644 (1) 2 : 0.319 0.262 0.347 0.031 0.040
645 645 (0) 2 : 0.382 0.189 0.135 0.236 0.057
646 646 (1) 3 : 0.121 0.186 0.497 0.070 0.127
647 647 (1) 2 : 0.339 0.327 0.146 0.084 0.105
648 648 (0) 3 : 0.163 0.166 0.541 0.021 0.109
649 649 (1) 3 : 0.576 0.279 0.108 0.018 0.019
650 650 (1) 3 : 0.443 0.322 0.116 0.079 0.041
651 651 (1) 2 : 0.386 0.367 0.080 0.035 0.132
652 652 (0) 3 : 0.349 0.331 0.192 0.043 0.085
653 653 (2) 4 : 0.353 0.161 0.074 0.036 0.376
654 654 (0) 2 : 0.417 0.347 0.145 0.023 0.068
655 655 (1) 4 : 0.103 0.097 0.248 0.144 0.409
656 656 (1) 4 : 0.122 0.064 0.119 0.033 0.662
657 657 (1) 4 : 0.020 0.024 0.043 0.020 0.894
658 658 (0) 4 : 0.025 0.028 0.024 0.048 0.875
659 659 (0) 4 : 0.040 0.025 0.041 0.023 0.870
660 660 (3) 3 : 0.156 0.236 0.455 0.127 0.025
661 661 (1) 2 : 0.207 0.167 0.390 0.069 0.167
662 662 (1) 3 : 0.255 0.548 0.104 0.042 0.052
663 663 (1) 3 : 0.345 0.476 0.105 0.034 0.039
664 664 (1) 3 : 0.137 0.159 0.539 0.069 0.096
665 665 (1) 3 : 0.434 0.206 0.228 0.106 0.025
666 666 (0) 2 : 0.092 0.099 0.090 0.595 0.124
667 667 (1) 3 : 0.475 0.379 0.072 0.043 0.031
668 668 (1) 4 : 0.113 0.181 0.186 0.278 0.241
669 669 (0) 4 : 0.041 0.029 0.030 0.029 0.872
670 670 (1) 4 : 0.092 0.082 0.071 0.017 0.739
671 671 (1) 4 : 0.304 0.094 0.058 0.050 0.494
672 672 (1) 4 : 0.091 0.138 0.064 0.043 0.665
673 673 (0) 4 : 0.171 0.156 0.217 0.042 0.414
674 674 (2) 3 : 0.282 0.347 0.216 0.034 0.121
675 675 (5) 3 : 0.205 0.116 0.538 0.058 0.083
676 676 (0) 3 : 0.489 0.219 0.103 0.020 0.170
677 677 (3) 3 : 0.260 0.188 0.337 0.161 0.054
678 678 (0) 3 : 0.366 0.166 0.299 0.057 0.112
679 679 (2) 2 : 0.162 0.164 0.331 0.249 0.094
680 680 (0) 3 : 0.277 0.371 0.108 0.147 0.098
681 681 (2) 4 : 0.133 0.197 0.052 0.090 0.529
682 682 (0) 2 : 0.079 0.112 0.229 0.119 0.460
683 683 (2) 4 : 0.298 0.253 0.080 0.038 0.331
684 684 (1) 4 : 0.036 0.030 0.032 0.113 0.789
685 685 (1) 4 : 0.050 0.075 0.031 0.032 0.813
686 686 (0) 4 : 0.030 0.036 0.021 0.019 0.894
687 687 (1) 3 : 0.102 0.114 0.660 0.049 0.075
688 688 (2) 3 : 0.471 0.328 0.121 0.023 0.057
689 689 (1) 3 : 0.184 0.231 0.444 0.046 0.095
690 690 (1) 3 : 0.208 0.139 0.554 0.052 0.047
691 691 (1) 2 : 0.128 0.093 0.114 0.073 0.592
692 692 (0) 3 : 0.199 0.577 0.118 0.044 0.062
693 693 (0) 2 : 0.238 0.294 0.295 0.059 0.113
694 694 (1) 4 : 0.291 0.448 0.100 0.030 0.132
695 695 (0) 4 : 0.061 0.047 0.079 0.015 0.799
696 696 (1) 4 : 0.079 0.053 0.230 0.142 0.496
697 697 (0) 4 : 0.033 0.022 0.068 0.035 0.842
698 698 (1) 4 : 0.071 0.048 0.051 0.038 0.792
699 699 (6) 3 : 0.119 0.176 0.491 0.084 0.129
700 700 (1) 2 : 0.228 0.225 0.161 0.306 0.080
701 701 (3) 3 : 0.328 0.250 0.268 0.043 0.111
702 702 (1) 3 : 0.274 0.192 0.422 0.033 0.080
703 703 (3) 3 : 0.315 0.245 0.290 0.104 0.047
704 704 (1) 3 : 0.299 0.432 0.188 0.045 0.035
705 705 (1) 2 : 0.429 0.254 0.153 0.121 0.042
706 706 (0) 3 : 0.266 0.448 0.199 0.042 0.044
707 707 (1) 2 : 0.072 0.043 0.065 0.795 0.025
708 708 (2) 4 : 0.043 0.040 0.032 0.015 0.871
709 709 (1) 2 : 0.040 0.040 0.051 0.807 0.062
710 710 (1) 4 : 0.275 0.115 0.141 0.038 0.432
711 711 (2) 4 : 0.121 0.098 0.045 0.045 0.692
712 712 (1) 4 : 0.095 0.058 0.079 0.076 0.691
713 713 (0) 4 : 0.040 0.030 0.036 0.017 0.877
714 714 (1) 3 : 0.144 0.168 0.283 0.075 0.329
715 715 (1) 2 : 0.585 0.243 0.047 0.029 0.095
716 716 (3) 3 : 0.105 0.166 0.660 0.028 0.042
717 717 (0) 3 : 0.284 0.303 0.245 0.063 0.105
718 718 (4) 3 : 0.262 0.469 0.201 0.031 0.037
719 719 (1) 3 : 0.271 0.204 0.304 0.085 0.136
720 720 (1) 2 : 0.250 0.230 0.250 0.133 0.136
721 721 (1) 2 : 0.213 0.110 0.391 0.097 0.189
722 722 (1) 4 : 0.083 0.126 0.079 0.081 0.632
723 723 (0) 4 : 0.032 0.028 0.028 0.055 0.857
724 724 (0) 4 : 0.031 0.030 0.040 0.010 0.889
725 725 (2) 4 : 0.053 0.045 0.032 0.020 0.850
726 726 (1) 4 : 0.024 0.029 0.040 0.020 0.888
727 727 (2) 2 : 0.290 0.573 0.060 0.024 0.053
728 728 (3) 3 : 0.093 0.085 0.748 0.038 0.035
729 729 (1) 3 : 0.343 0.288 0.170 0.082 0.117
730 730 (2) 3 : 0.128 0.199 0.266 0.070 0.337
731 731 (1) 3 : 0.533 0.269 0.088 0.060 0.050
732 732 (1) 4 : 0.123 0.069 0.102 0.153 0.554
733 733 (1) 4 : 0.064 0.070 0.035 0.031 0.799
734 734 (1) 4 : 0.037 0.044 0.044 0.025 0.850
735 735 (2) 4 : 0.109 0.076 0.041 0.031 0.743
736 736 (1) 4 : 0.030 0.031 0.027 0.010 0.901
737 737 (0) 2 : 0.104 0.125 0.097 0.468 0.206
738 738 (0) 3 : 0.229 0.143 0.550 0.034 0.044
739 739 (1) 3 : 0.272 0.278 0.251 0.042 0.158
740 740 (1) 3 : 0.266 0.248 0.306 0.060 0.120
741 741 (1) 2 : 0.276 0.152 0.128 0.157 0.286
742 742 (1) 2 : 0.329 0.244 0.281 0.037 0.110
743 743 (0) 4 : 0.111 0.145 0.180 0.039 0.525
744 744 (0) 4 : 0.029 0.029 0.046 0.035 0.861
745 745 (0) 4 : 0.029 0.040 0.037 0.011 0.883
746 746 (0) 4 : 0.385 0.125 0.052 0.020 0.418
747 747 (1) 4 : 0.073 0.057 0.041 0.023 0.806
748 748 (1) 2 : 0.114 0.128 0.134 0.560 0.064
749 749 (1) 2 : 0.276 0.161 0.083 0.417 0.063
750 750 (0) 2 : 0.085 0.121 0.046 0.054 0.693
751 751 (1) 2 : 0.032 0.025 0.042 0.831 0.070
752 752 (1) 2 : 0.137 0.300 0.082 0.036 0.445
753 753 (1) 2 : 0.358 0.327 0.191 0.079 0.045
754 754 (0) 2 : 0.183 0.167 0.130 0.101 0.420
755 755 (1) 2 : 0.227 0.145 0.490 0.106 0.032
756 756 (0) 2 : 0.027 0.025 0.027 0.891 0.030
757 757 (1) 2 : 0.060 0.065 0.048 0.670 0.157
758 758 (2) 2 : 0.061 0.048 0.061 0.804 0.026
759 759 (0) 2 : 0.331 0.330 0.231 0.066 0.042
760 760 (1) 2 : 0.159 0.311 0.346 0.061 0.123
761 761 (2) 2 : 0.194 0.208 0.313 0.037 0.249
762 762 (0) 2 : 0.293 0.278 0.282 0.101 0.046
763 763 (1) 2 : 0.163 0.142 0.096 0.447 0.152
764 764 (1) 2 : 0.139 0.165 0.118 0.393 0.185
765 765 (1) 2 : 0.348 0.168 0.178 0.119 0.188
766 766 (3) 2 : 0.139 0.113 0.068 0.455 0.224
767 767 (1) 2 : 0.403 0.438 0.062 0.030 0.068
768 768 (1) 2 : 0.029 0.035 0.030 0.882 0.025
769 769 (1) 2 : 0.222 0.585 0.134 0.034 0.025
770 770 (1) 2 : 0.116 0.810 0.026 0.033 0.014
771 771 (0) 2 : 0.183 0.147 0.481 0.113 0.076
772 772 (0) 2 : 0.302 0.210 0.319 0.079 0.091
773 773 (1) 2 : 0.129 0.145 0.088 0.091 0.546
774 774 (1) 2 : 0.412 0.230 0.120 0.149 0.090
775 775 (1) 2 : 0.125 0.271 0.325 0.218 0.061
776 776 (0) 2 : 0.219 0.154 0.550 0.014 0.063
777 777 (1) 2 : 0.173 0.214 0.148 0.034 0.431
778 778 (1) 2 : 0.253 0.170 0.317 0.043 0.218
779 779 (6) 2 : 0.036 0.027 0.054 0.861 0.022
780 780 (2) 2 : 0.084 0.053 0.747 0.036 0.080
781 781 (1) 2 : 0.405 0.244 0.092 0.121 0.137
782 782 (1) 2 : 0.096 0.100 0.074 0.026 0.704
783 783 (1) 2 : 0.376 0.291 0.153 0.113 0.067
784 784 (1) 2 : 0.253 0.125 0.164 0.358 0.100
785 785 (1) 2 : 0.105 0.128 0.133 0.455 0.179
786 786 (2) 2 : 0.476 0.366 0.092 0.031 0.036
787 787 (0) 2 : 0.355 0.183 0.338 0.095 0.029
788 788 (1) 2 : 0.243 0.341 0.272 0.026 0.118
789 789 (1) 2 : 0.204 0.110 0.108 0.049 0.528
790 790 (1) 2 : 0.219 0.159 0.178 0.414 0.030
791 791 (1) 2 : 0.022 0.024 0.032 0.904 0.017
792 792 (2) 2 : 0.609 0.223 0.079 0.022 0.067
793 793 (1) 2 : 0.062 0.055 0.082 0.030 0.772
794 794 (0) 2 : 0.070 0.070 0.052 0.041 0.768
795 795 (1) 2 : 0.044 0.046 0.038 0.828 0.044
796 796 (0) 2 : 0.201 0.500 0.110 0.066 0.124
797 797 (0) 2 : 0.128 0.089 0.558 0.127 0.098
798 798 (0) 2 : 0.090 0.104 0.054 0.104 0.649
799 799 (1) 2 : 0.107 0.083 0.114 0.560 0.136
800 800 (1) 2 : 0.161 0.079 0.244 0.491 0.026
801 801 (1) 2 : 0.040 0.064 0.056 0.806 0.033
802 802 (1) 2 : 0.087 0.145 0.215 0.042 0.512
803 803 (2) 2 : 0.043 0.040 0.051 0.022 0.844
804 804 (1) 2 : 0.317 0.161 0.430 0.024 0.068
805 805 (1) 2 : 0.331 0.315 0.265 0.059 0.030
806 806 (0) 2 : 0.367 0.301 0.242 0.046 0.044
807 807 (1) 2 : 0.282 0.223 0.137 0.304 0.054
808 808 (1) 2 : 0.073 0.056 0.057 0.778 0.036
809 809 (2) 2 : 0.443 0.176 0.081 0.277 0.023
810 810 (1) 2 : 0.038 0.040 0.030 0.846 0.046
811 811 (1) 2 : 0.029 0.024 0.049 0.866 0.031
812 812 (0) 2 : 0.356 0.289 0.175 0.081 0.100
813 813 (1) 2 : 0.050 0.044 0.060 0.786 0.060
814 814 (1) 2 : 0.032 0.039 0.024 0.855 0.049
815 815 (0) 2 : 0.219 0.354 0.231 0.054 0.143
816 816 (0) 2 : 0.077 0.081 0.092 0.197 0.553
817 817 (1) 2 : 0.171 0.098 0.565 0.114 0.052
818 818 (2) 2 : 0.043 0.031 0.047 0.794 0.085
819 819 (1) 2 : 0.036 0.041 0.035 0.312 0.576
820 820 (0) 2 : 0.185 0.166 0.427 0.171 0.050
821 821 (1) 2 : 0.025 0.027 0.036 0.896 0.017
822 822 (2) 2 : 0.222 0.231 0.364 0.133 0.050
823 823 (1) 2 : 0.130 0.139 0.183 0.505 0.043
824 824 (1) 2 : 0.060 0.051 0.108 0.709 0.072
825 825 (1) 2 : 0.295 0.352 0.282 0.012 0.059
826 826 (1) 2 : 0.074 0.045 0.071 0.777 0.033
827 827 (0) 2 : 0.256 0.301 0.119 0.107 0.215
828 828 (1) 2 : 0.235 0.310 0.292 0.034 0.128
829 829 (1) 2 : 0.081 0.052 0.282 0.442 0.143
830 830 (1) 2 : 0.525 0.287 0.114 0.029 0.046
831 831 (1) 2 : 0.041 0.029 0.036 0.784 0.111
832 832 (1) 2 : 0.198 0.305 0.299 0.046 0.153
833 833 (1) 2 : 0.338 0.362 0.181 0.024 0.095
834 834 (0) 2 : 0.388 0.256 0.217 0.054 0.085
835 835 (1) 2 : 0.098 0.070 0.269 0.369 0.194
836 836 (0) 2 : 0.089 0.130 0.048 0.585 0.148
837 837 (1) 2 : 0.234 0.268 0.204 0.196 0.098
838 838 (1) 2 : 0.046 0.072 0.041 0.046 0.795
839 839 (1) 2 : 0.290 0.530 0.076 0.028 0.076
840 840 (0) 2 : 0.347 0.277 0.215 0.102 0.059
841 841 (5) 2 : 0.177 0.378 0.039 0.368 0.038
842 842 (1) 2 : 0.032 0.038 0.040 0.863 0.026
843 843 (2) 2 : 0.028 0.030 0.030 0.890 0.022
844 844 (1) 2 : 0.098 0.117 0.249 0.424 0.112
845 845 (1) 2 : 0.502 0.227 0.109 0.065 0.097
846 846 (0) 2 : 0.208 0.501 0.086 0.071 0.134
847 847 (0) 2 : 0.040 0.053 0.832 0.025 0.049
848 848 (1) 2 : 0.032 0.038 0.029 0.884 0.018
849 849 (1) 2 : 0.212 0.179 0.119 0.034 0.455
850 850 (1) 2 : 0.197 0.330 0.312 0.055 0.106
851 851 (1) 2 : 0.419 0.282 0.148 0.066 0.084
852 852 (1) 2 : 0.102 0.092 0.129 0.405 0.272
853 853 (1) 2 : 0.106 0.103 0.064 0.542 0.185
854 854 (0) 2 : 0.117 0.059 0.165 0.476 0.183
855 855 (1) 2 : 0.410 0.333 0.148 0.047 0.061
856 856 (5) 2 : 0.238 0.437 0.152 0.102 0.071
857 857 (1) 2 : 0.231 0.454 0.246 0.029 0.040
858 858 (0) 2 : 0.192 0.406 0.048 0.052 0.302
859 859 (0) 2 : 0.074 0.066 0.071 0.736 0.054
860 860 (1) 2 : 0.027 0.027 0.033 0.893 0.020
861 861 (1) 2 : 0.044 0.040 0.032 0.838 0.045
862 862 (1) 2 : 0.104 0.097 0.120 0.112 0.567
863 863 (0) 2 : 0.032 0.035 0.039 0.847 0.047
864 864 (4) 2 : 0.124 0.070 0.062 0.665 0.080
865 865 (1) 2 : 0.035 0.041 0.036 0.037 0.852
866 866 (1) 2 : 0.405 0.324 0.084 0.164 0.024
867 867 (1) 2 : 0.220 0.175 0.087 0.038 0.480
868 868 (0) 2 : 0.240 0.256 0.357 0.042 0.105
869 869 (1) 2 : 0.123 0.129 0.203 0.049 0.496
870 870 (1) 2 : 0.052 0.067 0.065 0.748 0.069
871 871 (1) 2 : 0.033 0.043 0.038 0.086 0.799
872 872 (1) 2 : 0.083 0.114 0.210 0.127 0.466
873 873 (1) 2 : 0.030 0.049 0.035 0.863 0.023
874 874 (1) 2 : 0.583 0.201 0.135 0.039 0.042
875 875 (1) 2 : 0.171 0.193 0.134 0.129 0.373
876 876 (1) 2 : 0.116 0.083 0.206 0.077 0.518
877 877 (1) 2 : 0.075 0.123 0.336 0.421 0.045
878 878 (0) 2 : 0.154 0.157 0.422 0.191 0.077
879 879 (2) 2 : 0.030 0.023 0.022 0.905 0.019
880 880 (1) 2 : 0.182 0.132 0.189 0.249 0.247
881 881 (2) 2 : 0.070 0.102 0.061 0.713 0.055
882 882 (1) 2 : 0.163 0.187 0.400 0.076 0.174
